# X (m), Y (m), Z (m) in ECEF frame
-2706165.811 -4261069.333 3885745.506
-2706184.533 -4261061.173 3885726.750
-2706149.092 -4261062.835 3885739.662
-2706160.098 -4261072.931 3885740.641
-2706173.574 -4261083.449 3885714.964
-2706185.010 -4261047.014 3885751.638
-2706171.963 -4261051.846 3885735.811
-2706190.675 -4261041.866 3885738.633
-2706200.630 -4261067.844 3885718.143
-2706173.020 -4261073.686 3885730.880
-2706169.180 -4261073.394 3885724.059
-2706153.192 -4261068.994 3885749.707
-2706186.192 -4261061.109 3885740.364
-2706177.557 -4261051.675 3885741.921
-2706183.417 -4261070.145 3885732.442
-2706193.703 -4261060.219 3885716.548
-2706190.842 -4261050.160 3885729.485
-2706188.119 -4261078.122 3885715.602
-2706184.807 -4261049.703 3885743.951
-2706165.517 -4261060.637 3885730.694
