# latitude (rad), longitude (rad), height (m)
0.6592985336 -2.1366190419 15.000
0.6592958990 -2.1366230393 6.000
0.6592991990 -2.1366169359 0.000
0.6592979314 -2.1366177043 12.000
0.6592931889 -2.1366188408 9.000
0.6593001191 -2.1366246230 12.000
0.6592984328 -2.1366219280 0.000
0.6592986288 -2.1366261171 3.000
0.6592934557 -2.1366250227 12.000
0.6592959895 -2.1366197852 12.000
0.6592953638 -2.1366191739 6.000
0.6592997350 -2.1366169675 12.000
0.6592975107 -2.1366233236 15.000
0.6592989173 -2.1366228815 6.000
0.6592959347 -2.1366218999 15.000
0.6592942351 -2.1366246742 3.000
0.6592968088 -2.1366252641 3.000
0.6592929502 -2.1366218390 12.000
0.6592989556 -2.1366243034 9.000
0.6592974148 -2.1366199162 0.000
