# qw, qx, qy, qz (unit quaternion)
0.211263 -0.112740 0.158535 0.957875
-0.860823 0.081799 -0.010567 0.502176
-0.523828 -0.287402 0.087266 0.797113
0.558806 0.029078 0.225125 0.797627
-0.851340 -0.017780 0.251753 0.459918
-0.804976 -0.013890 -0.287787 0.518651
0.340670 -0.133835 0.030986 0.930093
0.565033 -0.258452 -0.094637 0.777807
-0.494220 0.255703 -0.045142 0.829653
0.899643 0.097583 0.017261 0.425232
0.795639 0.142575 0.020670 0.588392
0.947057 0.231289 0.220401 -0.031810
-0.782976 0.024712 -0.115121 0.610807
-0.496781 -0.112728 -0.141122 0.848873
-0.600118 0.033251 0.005061 0.799204
-0.739388 0.212974 0.006577 0.638674
0.120794 -0.052583 -0.187273 0.973433
-0.205888 0.223783 0.036408 0.951948
0.872368 -0.198930 0.093227 0.436703
0.932207 0.058756 0.095410 0.344144
