# 3x3 rotation matrices (flattened row-major)
-0.885315 0.368980 -0.282967 -0.440473 -0.860469 0.256079 -0.148996 0.351350 0.924312
0.495414 -0.866299 0.063963 0.862841 0.482256 -0.151441 0.100347 0.130216 0.986395
-0.286009 -0.885261 -0.366759 0.784939 -0.435978 0.440221 -0.549609 -0.161976 0.819569
-0.373781 0.904530 -0.205215 -0.878345 -0.274110 0.391629 0.297989 0.326633 0.896947
0.450192 -0.792046 0.412299 0.774141 0.576319 0.261845 -0.445009 0.201297 0.872609
0.296359 -0.827009 -0.477731 0.842999 0.461616 -0.276160 0.448915 -0.320884 0.833972
-0.732065 0.625415 -0.270069 -0.642002 -0.765968 -0.033548 -0.227846 0.148826 0.962256
-0.227880 0.927892 -0.295105 -0.830055 -0.343562 -0.439287 -0.508998 0.144849 0.848493
-0.380725 -0.843149 0.379669 0.796977 -0.507417 -0.327651 0.468909 0.177842 0.865157
0.637760 0.768483 0.051932 -0.761745 0.619311 0.190260 0.114049 -0.160899 0.980359
0.306736 0.942188 0.134888 -0.930400 0.266936 0.251200 0.200671 -0.202552 0.958490
0.900823 0.041700 -0.432179 0.162205 0.890987 0.424067 0.402749 -0.452111 0.795857
0.227323 -0.962184 -0.150086 0.950805 0.252607 -0.179331 0.210462 -0.101936 0.972273
-0.481001 -0.811592 -0.331596 0.875225 -0.466586 -0.127587 -0.051170 -0.351591 0.934754
-0.277505 -0.958897 0.059222 0.959570 -0.279665 -0.031820 0.047074 0.047997 0.997738
0.184104 -0.941654 0.281767 0.947257 0.093476 -0.306539 0.262316 0.323341 0.909198
-0.965287 0.254865 -0.057130 -0.215476 -0.900675 -0.377300 -0.147616 -0.351893 0.924327
-0.815063 -0.375694 0.441051 0.408284 -0.912569 -0.022831 0.411067 0.161466 0.897192
0.601199 0.724840 -0.336403 -0.799023 0.539435 -0.265656 -0.011091 0.428506 0.903471
0.744923 0.652839 -0.137442 -0.630416 0.756225 0.175214 0.218324 -0.043875 0.974890
