# 3x3 rotation matrices (flattened row-major)
-0.889533 -0.438715 -0.127513 0.370738 -0.856251 0.359704 -0.266991 0.272695 0.924312
0.490682 0.871117 -0.019655 -0.858023 0.486988 0.163215 0.151751 -0.063222 0.986395
-0.270835 0.831906 -0.484335 -0.838293 -0.451153 -0.306147 -0.473195 0.323099 0.819569
-0.350001 -0.935891 0.040093 0.846985 -0.297890 0.440317 -0.400145 0.188070 0.896947
0.473298 0.733490 0.487834 -0.832697 0.553213 -0.023906 -0.287411 -0.394903 0.872609
0.320243 0.776348 -0.542888 -0.893659 0.437732 0.098812 0.314352 0.453514 0.833972
-0.759856 -0.618260 0.200931 0.649157 -0.738177 0.183547 0.034843 0.269905 0.962256
-0.211799 -0.895533 0.391360 0.862415 -0.359643 -0.356227 0.459762 0.262066 0.848493
-0.384864 0.787810 0.480869 -0.852316 -0.503278 0.142370 0.354171 -0.355059 0.865157
0.626924 -0.774801 0.081541 0.755426 0.630146 0.179574 -0.190517 -0.050981 0.980359
0.299452 -0.952774 -0.050499 0.919814 0.274220 0.280617 -0.253517 -0.130481 0.958490
0.881589 0.161314 0.443598 0.040810 0.910221 -0.412107 -0.470251 0.381412 0.795857
0.226113 0.955925 -0.187298 -0.957064 0.253817 0.140018 0.181386 0.147596 0.972273
-0.505164 0.834456 -0.220211 -0.852361 -0.442423 0.278822 0.135239 0.328550 0.934754
-0.277852 0.958372 0.065733 -0.960095 -0.279319 0.014102 0.031876 -0.059192 0.997738
0.181823 0.958927 0.217713 -0.929984 0.095757 0.354909 0.319484 -0.267000 0.909198
-0.895163 -0.233990 0.379383 0.236351 -0.970799 -0.041081 0.377917 0.052893 0.924327
-0.907872 0.365505 0.205363 -0.418474 -0.819760 -0.390990 0.025439 -0.440908 0.897192
0.612478 -0.785424 0.089332 0.738439 0.528155 -0.419237 0.282098 0.322740 0.903471
0.740200 -0.634555 0.222359 0.648700 0.760947 0.012118 -0.176893 0.135275 0.974890
