# AOA angles from 4 beacons (rad)
-2.367233 1.995026 1.069781 -0.079960
-2.027032 2.005882 1.041203 -0.230643
-1.901313 2.097300 0.976217 -0.317247
-1.811104 2.060517 0.904136 -0.378772
-1.764845 2.015740 0.847043 -0.484993
-1.746764 2.121504 0.807559 -0.516350
-1.710044 2.156179 0.725137 -0.628121
-1.750126 2.247510 0.597140 -0.675809
-1.743979 2.325684 0.486223 -0.719542
-1.714616 2.658519 0.454149 -0.845693
-2.653931 2.147742 1.143104 -0.158395
-2.378526 2.081411 1.085950 -0.276854
-2.066260 2.155230 1.007110 -0.404370
-2.052029 2.138651 0.918639 -0.441537
-1.989170 2.293198 0.876645 -0.482470
-1.920623 2.235232 0.781290 -0.585133
-1.822026 2.375617 0.792329 -0.656541
-1.865248 2.450900 0.666563 -0.741266
-1.801296 2.640919 0.500414 -0.816051
-1.758887 3.015537 0.431435 -0.861593
-2.730523 2.154538 1.198679 -0.188670
-2.581501 2.196422 1.126855 -0.259099
-2.397090 2.239275 1.111480 -0.306831
-2.227442 2.288987 1.042182 -0.489167
-2.107311 2.353337 1.033183 -0.507817
-2.010200 2.448380 0.838135 -0.662417
-2.073720 2.525020 0.790103 -0.709586
-1.940111 2.633601 0.669658 -0.740018
-1.911096 2.860898 0.545623 -0.808761
-1.925037 3.107859 0.410835 -0.912643
-2.864449 2.312159 1.292998 -0.236583
-2.721105 2.361037 1.234877 -0.260295
-2.498410 2.349414 1.178420 -0.378430
-2.355796 2.456141 1.129465 -0.495411
-2.202793 2.421724 0.980538 -0.679456
-2.179962 2.578699 0.962223 -0.705244
-2.109336 2.688546 0.829676 -0.789501
-2.050523 2.814324 0.765511 -0.804533
-2.007855 3.008107 0.664072 -0.956106
-1.976309 3.152158 0.447922 -0.942653
-2.937079 2.392436 1.354295 -0.186226
-2.736908 2.395792 1.304756 -0.363035
-2.627614 2.459830 1.224788 -0.481704
-2.456097 2.558545 1.178081 -0.572424
-2.343400 2.571706 1.115404 -0.707517
-2.292653 2.617906 0.907420 -0.804370
-2.197363 2.805648 0.918887 -0.837398
-2.084531 2.892742 0.836727 -0.920248
-2.060283 3.043887 0.688171 -1.063215
-2.032270 3.204462 0.520482 -1.003622
-2.995977 2.385558 1.385357 -0.218552
-2.788504 2.482674 1.322668 -0.395431
-2.657128 2.446792 1.281854 -0.557817
-2.591564 2.603718 1.324970 -0.735366
-2.465010 2.714840 1.166306 -0.807620
-2.405892 2.774589 1.071402 -0.918826
-2.302496 2.879500 0.973247 -0.961604
-2.227592 2.973983 0.855092 -1.046924
-2.166910 3.143283 0.646805 -1.053319
-2.145174 3.280295 0.572569 -1.113525
-2.968163 2.479917 1.408553 -0.238856
-2.838213 2.542066 1.488905 -0.453876
-2.743090 2.615837 1.406594 -0.615099
-2.577947 2.661800 1.324178 -0.787386
-2.493539 2.709552 1.291836 -0.900443
-2.511136 2.779949 1.175032 -0.927094
-2.362745 2.940665 1.105077 -1.018851
-2.287257 3.074914 1.025239 -1.082992
-2.194078 3.133762 0.819700 -1.123908
-2.181085 3.279735 0.535736 -1.125214
-2.990148 2.563308 1.540118 -0.347343
-2.923568 2.607175 1.528965 -0.640821
-2.773060 2.640856 1.479954 -0.773369
-2.678864 2.715661 1.480453 -0.940056
-2.528668 2.769230 1.339293 -1.088225
-2.535002 2.879757 1.311112 -1.130237
-2.424931 2.990544 1.249381 -1.046503
-2.346470 3.089066 1.111306 -1.188788
-2.269280 3.153093 0.897131 -1.261265
-2.247471 3.310452 0.656105 -1.272407
-3.033981 2.531127 1.618601 -0.515978
-2.896078 2.616750 1.669760 -0.781818
-2.849214 2.702019 1.643006 -0.954226
-2.728128 2.762551 1.599271 -1.115048
-2.614204 2.905272 1.608515 -1.166931
-2.533304 2.985912 1.501998 -1.249267
-2.519232 3.006333 1.457101 -1.297846
-2.415344 3.078166 1.278849 -1.340895
-2.392553 3.265514 1.085164 -1.391455
-2.353311 3.344639 0.790495 -1.380775
-3.026706 2.674918 1.803053 -0.787468
-2.908321 2.735479 1.719184 -1.033551
-2.820595 2.791371 1.758401 -1.210935
-2.713261 2.849623 1.710888 -1.287609
-2.639024 2.936094 1.706865 -1.381321
-2.593723 3.072529 1.620793 -1.337764
-2.488863 3.046384 1.616600 -1.451613
-2.497213 3.164302 1.585442 -1.335150
-2.422349 3.200075 1.344174 -1.425325
-2.301071 3.362358 1.133545 -1.416787
