# GDOP for TDOA
1.112820
1.111243
1.122193
1.130886
1.135452
1.135452
1.130886
1.122193
1.111243
1.112820
1.111243
1.064119
1.055277
1.057060
1.059649
1.059649
1.057060
1.055277
1.064119
1.111243
1.122193
1.055277
1.029888
1.022790
1.021838
1.021838
1.022790
1.029888
1.055277
1.122193
1.130886
1.057060
1.022790
1.009699
1.006017
1.006017
1.009699
1.022790
1.057060
1.130886
1.135452
1.059649
1.021838
1.006017
1.000999
1.000999
1.006017
1.021838
1.059649
1.135452
1.135452
1.059649
1.021838
1.006017
1.000999
1.000999
1.006017
1.021838
1.059649
1.135452
1.130886
1.057060
1.022790
1.009699
1.006017
1.006017
1.009699
1.022790
1.057060
1.130886
1.122193
1.055277
1.029888
1.022790
1.021838
1.021838
1.022790
1.029888
1.055277
1.122193
1.111243
1.064119
1.055277
1.057060
1.059649
1.059649
1.057060
1.055277
1.064119
1.111243
1.112820
1.111243
1.122193
1.130886
1.135452
1.135452
1.130886
1.122193
1.111243
1.112820
