# TDOA range differences relative to beacon 0 (m)
15.947873 23.471990 15.345928
12.799339 20.791810 14.086603
9.339950 17.809359 12.775781
6.165395 15.403204 11.905319
2.553198 12.584731 10.857197
-0.906624 10.116890 9.943564
-4.433783 7.533587 9.202251
-7.830952 5.008802 8.526612
-11.273937 2.865580 7.828427
-14.429612 1.020471 7.399995
14.897963 20.654008 11.882467
12.117781 18.517093 11.379292
8.926235 15.592100 10.263757
5.660750 13.064153 9.465574
2.644511 10.493014 8.846110
-0.678890 8.008906 8.086898
-4.310725 5.214967 7.234319
-7.426341 3.304397 7.085537
-10.529541 0.834270 6.426654
-13.192629 -1.346344 5.875709
13.779884 18.014490 8.591604
11.319461 15.982352 8.198135
8.448313 13.759485 7.666276
5.505487 10.987934 7.141430
2.407065 8.186037 6.394616
-0.867837 5.503822 5.945231
-3.852454 3.112350 5.343465
-6.957726 0.869991 5.161469
-9.513864 -1.357382 4.559509
-11.937183 -3.356826 4.476153
12.547967 14.987913 4.969925
10.330322 13.143412 5.099999
7.937738 10.975456 4.711712
5.158786 8.596471 4.296928
2.409672 5.732004 3.651607
-0.508941 3.406885 3.682654
-3.518525 0.776993 3.130559
-6.481526 -1.780537 2.781076
-8.611283 -3.768614 2.702079
-11.178674 -5.804730 2.521201
11.698297 12.564374 1.893989
9.702682 10.647429 1.634400
7.158253 8.264867 1.666036
4.750755 5.755473 1.520171
2.101477 3.241888 1.361547
-0.789534 0.672885 0.908683
-3.305924 -1.973051 0.905027
-5.447976 -3.821917 0.982876
-7.811809 -6.342118 0.812215
-10.136496 -8.307474 0.966174
10.783409 9.894646 -1.577994
8.783953 7.770135 -1.605751
6.548528 5.646428 -1.724633
4.554266 3.581996 -1.442766
2.087065 0.876048 -1.103472
-0.379139 -1.723461 -1.423991
-2.822831 -4.340711 -1.026825
-5.305024 -6.995190 -0.986224
-7.217774 -9.082005 -0.920187
-8.942430 -10.887628 -0.656916
10.153949 7.491871 -5.087458
8.065021 5.225820 -4.912471
6.002880 2.999225 -4.804412
4.219547 0.946936 -4.272291
1.698047 -1.871027 -3.956433
-0.335319 -4.017768 -3.489119
-2.428566 -6.884747 -3.417252
-4.822873 -9.516942 -2.992773
-6.615787 -11.494143 -2.771660
-8.305797 -13.589647 -2.543846
9.259811 4.908213 -8.715494
7.778453 3.114252 -8.202855
5.739547 0.570207 -7.682636
3.903052 -1.495868 -7.050419
1.905006 -4.031040 -6.319377
-0.210873 -6.632320 -5.746193
-2.036872 -8.995150 -5.381153
-4.307397 -11.759016 -5.072854
-5.730370 -14.107201 -4.524399
-7.664244 -16.470577 -4.164111
8.758559 2.713450 -12.210268
7.100328 0.859631 -11.289110
5.547438 -1.464334 -10.208056
3.739862 -3.606773 -9.347708
1.936983 -6.280475 -8.684463
-0.306191 -8.942350 -7.977194
-2.305548 -11.527756 -7.762071
-3.998350 -14.386184 -6.853328
-5.574368 -16.919817 -6.388448
-7.084394 -19.354318 -5.860666
8.205946 0.892381 -15.237918
6.670715 -1.110797 -14.044404
4.925763 -3.510021 -12.985278
3.101184 -5.910974 -12.114971
1.715403 -8.152103 -10.849492
-0.030597 -10.769077 -9.975901
-1.747459 -13.612079 -9.157021
-3.342188 -16.427684 -8.561980
-4.837045 -19.073831 -7.842816
-6.577013 -21.798896 -7.237911
