# AOA angles from 4 beacons (rad)
-2.367233 1.680867 0.755621 -0.079960
-2.027032 1.691722 0.727044 -0.230643
-1.901313 1.783141 0.662058 -0.317247
-1.811104 1.746358 0.589977 -0.378772
-1.764845 1.701581 0.532884 -0.484993
-1.746764 1.807344 0.493400 -0.516350
-1.710044 1.842020 0.410978 -0.628121
-1.750126 1.933350 0.282981 -0.675809
-1.743979 2.011525 0.172063 -0.719542
-1.714616 2.344360 0.139990 -0.845693
-2.653931 1.833583 0.828944 -0.158395
-2.378526 1.767252 0.771791 -0.276854
-2.066260 1.841071 0.692951 -0.404370
-2.052029 1.824492 0.604480 -0.441537
-1.989170 1.979039 0.562485 -0.482470
-1.920623 1.921073 0.467130 -0.585133
-1.822026 2.061458 0.478169 -0.656541
-1.865248 2.136741 0.352403 -0.741266
-1.801296 2.326760 0.186254 -0.816051
-1.758887 2.701377 0.117275 -0.861593
-2.730523 1.840379 0.884520 -0.188670
-2.581501 1.882262 0.812696 -0.259099
-2.397090 1.925116 0.797321 -0.306831
-2.227442 1.974828 0.728022 -0.489167
-2.107311 2.039178 0.719023 -0.507817
-2.010200 2.134221 0.523976 -0.662417
-2.073720 2.210861 0.475944 -0.709586
-1.940111 2.319441 0.355499 -0.740018
-1.911096 2.546739 0.231464 -0.808761
-1.925037 2.793700 0.096676 -0.912643
-2.864449 1.998000 0.978839 -0.236583
-2.721105 2.046878 0.920717 -0.260295
-2.498410 2.035255 0.864261 -0.378430
-2.355796 2.141982 0.815306 -0.495411
-2.202793 2.107564 0.666379 -0.679456
-2.179962 2.264540 0.648064 -0.705244
-2.109336 2.374387 0.515516 -0.789501
-2.050523 2.500165 0.451351 -0.804533
-2.007855 2.693948 0.349913 -0.956106
-1.976309 2.837999 0.133763 -0.942653
-2.937079 2.078277 1.040136 -0.186226
-2.736908 2.081632 0.990597 -0.363035
-2.627614 2.145671 0.910629 -0.481704
-2.456097 2.244386 0.863922 -0.572424
-2.343400 2.257547 0.801245 -0.707517
-2.292653 2.303747 0.593261 -0.804370
-2.197363 2.491489 0.604728 -0.837398
-2.084531 2.578583 0.522568 -0.920248
-2.060283 2.729728 0.374011 -1.063215
-2.032270 2.890303 0.206323 -1.003622
-2.995977 2.071399 1.071198 -0.218552
-2.788504 2.168515 1.008508 -0.395431
-2.657128 2.132632 0.967695 -0.557817
-2.591564 2.289559 1.010811 -0.735366
-2.465010 2.400681 0.852147 -0.807620
-2.405892 2.460430 0.757243 -0.918826
-2.302496 2.565341 0.659087 -0.961604
-2.227592 2.659824 0.540933 -1.046924
-2.166910 2.829124 0.332646 -1.053319
-2.145174 2.966136 0.258410 -1.113525
-2.968163 2.165757 1.094394 -0.238856
-2.838213 2.227907 1.174746 -0.453876
-2.743090 2.301678 1.092435 -0.615099
-2.577947 2.347640 1.010018 -0.787386
-2.493539 2.395392 0.977677 -0.900443
-2.511136 2.465789 0.860873 -0.927094
-2.362745 2.626506 0.790918 -1.018851
-2.287257 2.760755 0.711080 -1.082992
-2.194078 2.819602 0.505541 -1.123908
-2.181085 2.965576 0.221577 -1.125214
-2.990148 2.249149 1.225959 -0.347343
-2.923568 2.293016 1.214805 -0.640821
-2.773060 2.326697 1.165794 -0.773369
-2.678864 2.401502 1.166293 -0.940056
-2.528668 2.455070 1.025134 -1.088225
-2.535002 2.565598 0.996953 -1.130237
-2.424931 2.676385 0.935222 -1.046503
-2.346470 2.774907 0.797147 -1.188788
-2.269280 2.838933 0.582972 -1.261265
-2.247471 2.996293 0.341946 -1.272407
-3.033981 2.216967 1.304442 -0.515978
-2.896078 2.302590 1.355600 -0.781818
-2.849214 2.387859 1.328847 -0.954226
-2.728128 2.448391 1.285112 -1.115048
-2.614204 2.591112 1.294356 -1.166931
-2.533304 2.671752 1.187839 -1.249267
-2.519232 2.692174 1.142942 -1.297846
-2.415344 2.764007 0.964689 -1.340895
-2.392553 2.951354 0.771005 -1.391455
-2.353311 3.030479 0.476336 -1.380775
-3.026706 2.360759 1.488894 -0.787468
-2.908321 2.421320 1.405025 -1.033551
-2.820595 2.477212 1.444242 -1.210935
-2.713261 2.535463 1.396729 -1.287609
-2.639024 2.621935 1.392705 -1.381321
-2.593723 2.758370 1.306634 -1.337764
-2.488863 2.732224 1.302441 -1.451613
-2.497213 2.850143 1.271283 -1.335150
-2.422349 2.885915 1.030014 -1.425325
-2.301071 3.048199 0.819385 -1.416787
