# TDOA range differences relative to beacon 0 (m)
15.087240 22.497199 15.295127
11.984586 19.993740 14.021743
8.730888 17.210991 12.974522
5.138404 14.326481 11.900396
1.810889 11.716015 10.875418
-1.646170 8.935221 9.932771
-5.349989 6.499588 9.094564
-8.743850 4.219285 8.458615
-12.112845 2.039145 7.717616
-15.208592 -0.093362 7.324530
14.124845 19.903916 12.093783
11.349396 17.745432 11.194832
8.243324 15.086509 10.628503
4.954736 12.439058 9.569260
1.612410 9.556114 8.645946
-1.666416 7.014640 8.056876
-4.838215 4.606679 7.322553
-8.229924 2.178539 6.936868
-11.304650 0.064394 6.080376
-14.166049 -2.079884 5.939509
12.942297 17.197269 8.929405
10.363415 14.787967 8.195706
7.509566 12.754479 7.909752
4.593714 9.998132 6.861778
1.558263 7.417657 6.334439
-1.526672 4.901662 5.690243
-4.656527 2.383195 5.527334
-7.772631 0.086383 4.918690
-10.254436 -2.172958 4.656665
-12.858161 -4.073526 4.314276
11.838615 14.287273 5.155306
9.347231 12.273350 5.027906
7.022708 10.038549 4.544995
4.183208 7.562703 4.349871
1.592744 4.962162 3.918159
-1.573595 2.244042 3.581049
-4.283394 0.019678 3.359092
-7.232629 -2.435765 3.087190
-9.612995 -4.732794 2.690091
-12.018427 -6.520087 2.513092
10.812228 11.561571 1.849720
8.758477 9.782232 1.577773
6.377275 7.611371 1.663546
3.793177 5.008566 1.692086
1.227685 2.580716 1.421368
-1.462345 0.136386 1.290837
-4.063467 -2.504785 1.110508
-6.495364 -4.720069 0.991919
-8.787314 -7.034885 0.775574
-10.864429 -9.128846 0.846832
9.957550 9.072800 -1.818351
8.086210 7.064154 -1.727631
5.998320 4.978443 -1.578199
3.491867 2.498597 -1.271207
1.225484 -0.177496 -1.261298
-1.147515 -2.617588 -1.177791
-3.619679 -5.004721 -1.073669
-5.609768 -7.458175 -1.204737
-7.807000 -9.657412 -0.965883
-10.076633 -11.650531 -0.830811
9.178351 6.442352 -5.383986
7.398580 4.823001 -4.926796
5.459265 2.517776 -4.677213
3.180676 -0.091516 -4.285543
1.078407 -2.410304 -3.908736
-1.202789 -5.017550 -3.462811
-3.232258 -7.536645 -3.222166
-5.261413 -10.113577 -3.198230
-7.465152 -12.127585 -2.600388
-9.122819 -14.374850 -2.751953
8.497994 4.275871 -8.787005
6.815602 2.221279 -8.232264
5.051112 0.105922 -7.516661
2.887826 -2.399849 -6.977545
1.038374 -4.967590 -6.454719
-1.278337 -7.378055 -5.708557
-2.821741 -10.007957 -5.204816
-5.000517 -12.479927 -4.948434
-6.796565 -14.994298 -4.643217
-8.490489 -17.363641 -4.437057
7.777017 2.076008 -11.946020
6.390328 -0.067602 -11.399940
4.551323 -2.344559 -10.421838
2.831846 -4.448397 -9.741635
0.908923 -7.072547 -8.741856
-0.845553 -9.653447 -7.923629
-2.951251 -12.287283 -7.315892
-4.560764 -15.102930 -6.801697
-6.263081 -17.537421 -6.385365
-7.812792 -19.919426 -5.776035
7.334100 0.035272 -15.205661
5.873254 -1.980109 -14.155116
4.246415 -4.282976 -12.966931
2.577198 -6.613380 -11.730784
0.943319 -9.035768 -10.941985
-0.819000 -11.833433 -9.986666
-2.588961 -14.263524 -9.232156
-4.352660 -17.197376 -8.656068
-5.795974 -19.950673 -7.875310
-7.327037 -22.693022 -7.222445
