# roll (rad), pitch (rad), yaw (rad)
0.000000 0.050000 1.576032
0.095106 0.015451 1.581268
0.058779 -0.040451 1.591740
-0.058779 -0.040451 1.602212
-0.095106 0.015451 1.612684
-0.000000 0.050000 1.623156
0.095106 0.015451 1.633628
0.058779 -0.040451 1.644100
-0.058779 -0.040451 1.654572
-0.095106 0.015451 1.665044
-0.000000 0.050000 1.675516
0.095106 0.015451 1.685988
0.058779 -0.040451 1.696460
-0.058779 -0.040451 1.706932
-0.095106 0.015451 1.717404
-0.000000 0.050000 1.727876
0.095106 0.015451 1.738348
0.058779 -0.040451 1.748820
-0.058779 -0.040451 1.759292
-0.095106 0.015451 1.769764
-0.000000 0.050000 1.780236
0.095106 0.015451 1.790708
0.058779 -0.040451 1.801180
-0.058779 -0.040451 1.811652
-0.095106 0.015451 1.822124
-0.000000 0.050000 1.832596
0.095106 0.015451 1.843068
0.058779 -0.040451 1.853540
-0.058779 -0.040451 1.864012
-0.095106 0.015451 1.874484
-0.000000 0.050000 1.884956
0.095106 0.015451 1.895428
0.058779 -0.040451 1.905900
-0.058779 -0.040451 1.916372
-0.095106 0.015451 1.926843
-0.000000 0.050000 1.937315
0.095106 0.015451 1.947787
0.058779 -0.040451 1.958259
-0.058779 -0.040451 1.968731
-0.095106 0.015451 1.979203
-0.000000 0.050000 1.989675
0.095106 0.015451 2.000147
0.058779 -0.040451 2.010619
-0.058779 -0.040451 2.021091
-0.095106 0.015451 2.031563
-0.000000 0.050000 2.042035
0.095106 0.015451 2.052507
0.058779 -0.040451 2.062979
-0.058779 -0.040451 2.073451
-0.095106 0.015451 2.083923
-0.000000 0.050000 2.094395
0.095106 0.015451 2.104867
0.058779 -0.040451 2.115339
-0.058779 -0.040451 2.125811
-0.095106 0.015451 2.136283
-0.000000 0.050000 2.146755
0.095106 0.015451 2.157227
0.058779 -0.040451 2.167699
-0.058779 -0.040451 2.178171
-0.095106 0.015451 2.188643
-0.000000 0.050000 2.199115
0.095106 0.015451 2.209587
0.058779 -0.040451 2.220059
-0.058779 -0.040451 2.230531
-0.095106 0.015451 2.241003
0.000000 0.050000 2.251475
0.095106 0.015451 2.261947
0.058779 -0.040451 2.272419
-0.058779 -0.040451 2.282891
-0.095106 0.015451 2.293363
-0.000000 0.050000 2.303835
0.095106 0.015451 2.314307
0.058779 -0.040451 2.324779
-0.058779 -0.040451 2.335251
-0.095106 0.015451 2.345723
-0.000000 0.050000 2.356194
0.095106 0.015451 2.366666
0.058779 -0.040451 2.377138
-0.058779 -0.040451 2.387610
-0.095106 0.015451 2.398082
-0.000000 0.050000 2.408554
0.095106 0.015451 2.419026
0.058779 -0.040451 2.429498
-0.058779 -0.040451 2.439970
-0.095106 0.015451 2.450442
0.000000 0.050000 2.460914
0.095106 0.015451 2.471386
0.058779 -0.040451 2.481858
-0.058779 -0.040451 2.492330
-0.095106 0.015451 2.502802
-0.000000 0.050000 2.513274
0.095106 0.015451 2.523746
0.058779 -0.040451 2.534218
-0.058779 -0.040451 2.544690
-0.095106 0.015451 2.555162
-0.000000 0.050000 2.565634
0.095106 0.015451 2.576106
0.058779 -0.040451 2.586578
-0.058779 -0.040451 2.597050
-0.095106 0.015451 2.607522
-0.000000 0.050000 2.617994
0.095106 0.015451 2.628466
0.058779 -0.040451 2.638938
-0.058779 -0.040451 2.649410
-0.095106 0.015451 2.659882
0.000000 0.050000 2.670354
0.095106 0.015451 2.680826
0.058779 -0.040451 2.691298
-0.058779 -0.040451 2.701770
-0.095106 0.015451 2.712242
-0.000000 0.050000 2.722714
0.095106 0.015451 2.733186
0.058779 -0.040451 2.743658
-0.058779 -0.040451 2.754130
-0.095106 0.015451 2.764602
-0.000000 0.050000 2.775074
0.095106 0.015451 2.785545
0.058779 -0.040451 2.796017
-0.058779 -0.040451 2.806489
-0.095106 0.015451 2.816961
-0.000000 0.050000 2.827433
0.095106 0.015451 2.837905
0.058779 -0.040451 2.848377
-0.058779 -0.040451 2.858849
-0.095106 0.015451 2.869321
0.000000 0.050000 2.879793
0.095106 0.015451 2.890265
0.058779 -0.040451 2.900737
-0.058779 -0.040451 2.911209
-0.095106 0.015451 2.921681
0.000000 0.050000 2.932153
0.095106 0.015451 2.942625
0.058779 -0.040451 2.953097
-0.058779 -0.040451 2.963569
-0.095106 0.015451 2.974041
-0.000000 0.050000 2.984513
0.095106 0.015451 2.994985
0.058779 -0.040451 3.005457
-0.058779 -0.040451 3.015929
-0.095106 0.015451 3.026401
-0.000000 0.050000 3.036873
0.095106 0.015451 3.047345
0.058779 -0.040451 3.057817
-0.058779 -0.040451 3.068289
-0.095106 0.015451 3.078761
0.000000 0.050000 3.089233
0.095106 0.015451 3.099705
0.058779 -0.040451 3.110177
-0.058779 -0.040451 3.120649
-0.095106 0.015451 3.131121
-0.000000 0.050000 3.141593
0.095106 0.015451 3.152065
0.058779 -0.040451 3.162537
-0.058779 -0.040451 3.173009
-0.095106 0.015451 3.183481
-0.000000 0.050000 3.193953
0.095106 0.015451 3.204425
0.058779 -0.040451 3.214896
-0.058779 -0.040451 3.225368
-0.095106 0.015451 3.235840
-0.000000 0.050000 3.246312
0.095106 0.015451 3.256784
0.058779 -0.040451 3.267256
-0.058779 -0.040451 3.277728
-0.095106 0.015451 3.288200
-0.000000 0.050000 3.298672
0.095106 0.015451 3.309144
0.058779 -0.040451 3.319616
-0.058779 -0.040451 3.330088
-0.095106 0.015451 3.340560
0.000000 0.050000 3.351032
0.095106 0.015451 3.361504
0.058779 -0.040451 3.371976
-0.058779 -0.040451 3.382448
-0.095106 0.015451 3.392920
-0.000000 0.050000 3.403392
0.095106 0.015451 3.413864
0.058779 -0.040451 3.424336
-0.058779 -0.040451 3.434808
-0.095106 0.015451 3.445280
-0.000000 0.050000 3.455752
0.095106 0.015451 3.466224
0.058779 -0.040451 3.476696
-0.058779 -0.040451 3.487168
-0.095106 0.015451 3.497640
-0.000000 0.050000 3.508112
0.095106 0.015451 3.518584
0.058779 -0.040451 3.529056
-0.058779 -0.040451 3.539528
-0.095106 0.015451 3.550000
-0.000000 0.050000 3.560472
0.095106 0.015451 3.570944
0.058779 -0.040451 3.581416
-0.058779 -0.040451 3.591888
-0.095106 0.015451 3.602360
-0.000000 0.050000 3.612832
0.095106 0.015451 3.623304
0.058779 -0.040451 3.633776
-0.058779 -0.040451 3.644247
-0.095106 0.015451 3.654719
-0.000000 0.050000 3.665191
0.095106 0.015451 3.675663
0.058779 -0.040451 3.686135
-0.058779 -0.040451 3.696607
-0.095106 0.015451 3.707079
-0.000000 0.050000 3.717551
0.095106 0.015451 3.728023
0.058779 -0.040451 3.738495
-0.058779 -0.040451 3.748967
-0.095106 0.015451 3.759439
0.000000 0.050000 3.769911
0.095106 0.015451 3.780383
0.058779 -0.040451 3.790855
-0.058779 -0.040451 3.801327
-0.095106 0.015451 3.811799
-0.000000 0.050000 3.822271
0.095106 0.015451 3.832743
0.058779 -0.040451 3.843215
-0.058779 -0.040451 3.853687
-0.095106 0.015451 3.864159
-0.000000 0.050000 3.874631
0.095106 0.015451 3.885103
0.058779 -0.040451 3.895575
-0.058779 -0.040451 3.906047
-0.095106 0.015451 3.916519
-0.000000 0.050000 3.926991
0.095106 0.015451 3.937463
0.058779 -0.040451 3.947935
-0.058779 -0.040451 3.958407
-0.095106 0.015451 3.968879
-0.000000 0.050000 3.979351
0.095106 0.015451 3.989823
0.058779 -0.040451 4.000295
-0.058779 -0.040451 4.010767
-0.095106 0.015451 4.021239
0.000000 0.050000 4.031711
0.095106 0.015451 4.042183
0.058779 -0.040451 4.052655
-0.058779 -0.040451 4.063126
-0.095106 0.015451 4.073598
-0.000000 0.050000 4.084070
0.095106 0.015451 4.094542
0.058779 -0.040451 4.105014
-0.058779 -0.040451 4.115486
-0.095106 0.015451 4.125958
-0.000000 0.050000 4.136430
0.095106 0.015451 4.146902
0.058779 -0.040451 4.157374
-0.058779 -0.040451 4.167846
-0.095106 0.015451 4.178318
0.000000 0.050000 4.188790
0.095106 0.015451 4.199262
0.058779 -0.040451 4.209734
-0.058779 -0.040451 4.220206
-0.095106 0.015451 4.230678
-0.000000 0.050000 4.241150
0.095106 0.015451 4.251622
0.058779 -0.040451 4.262094
-0.058779 -0.040451 4.272566
-0.095106 0.015451 4.283038
0.000000 0.050000 4.293510
0.095106 0.015451 4.303982
0.058779 -0.040451 4.314454
-0.058779 -0.040451 4.324926
-0.095106 0.015451 4.335398
-0.000000 0.050000 4.345870
0.095106 0.015451 4.356342
0.058779 -0.040451 4.366814
-0.058779 -0.040451 4.377286
-0.095106 0.015451 4.387758
-0.000000 0.050000 4.398230
0.095106 0.015451 4.408702
0.058779 -0.040451 4.419174
-0.058779 -0.040451 4.429646
-0.095106 0.015451 4.440118
0.000000 0.050000 4.450590
0.095106 0.015451 4.461062
0.058779 -0.040451 4.471534
-0.058779 -0.040451 4.482006
-0.095106 0.015451 4.492477
-0.000000 0.050000 4.502949
0.095106 0.015451 4.513421
0.058779 -0.040451 4.523893
-0.058779 -0.040451 4.534365
-0.095106 0.015451 4.544837
-0.000000 0.050000 4.555309
0.095106 0.015451 4.565781
0.058779 -0.040451 4.576253
-0.058779 -0.040451 4.586725
-0.095106 0.015451 4.597197
0.000000 0.050000 4.607669
0.095106 0.015451 4.618141
0.058779 -0.040451 4.628613
-0.058779 -0.040451 4.639085
-0.095106 0.015451 4.649557
-0.000000 0.050000 4.660029
0.095106 0.015451 4.670501
0.058779 -0.040451 4.680973
-0.058779 -0.040451 4.691445
-0.095106 0.015451 4.701917
-0.000000 0.050000 4.712389
0.095106 0.015451 4.722861
0.058779 -0.040451 4.733333
-0.058779 -0.040451 4.743805
-0.095106 0.015451 4.754277
-0.000000 0.050000 4.764749
0.095106 0.015451 4.775221
0.058779 -0.040451 4.785693
-0.058779 -0.040451 4.796165
-0.095106 0.015451 4.806637
-0.000000 0.050000 4.817109
0.095106 0.015451 4.827581
0.058779 -0.040451 4.838053
-0.058779 -0.040451 4.848525
-0.095106 0.015451 4.858997
0.000000 0.050000 4.869469
0.095106 0.015451 4.879941
0.058779 -0.040451 4.890413
-0.058779 -0.040451 4.900885
-0.095106 0.015451 4.911357
-0.000000 0.050000 4.921828
0.095106 0.015451 4.932300
0.058779 -0.040451 4.942772
-0.058779 -0.040451 4.953244
-0.095106 0.015451 4.963716
-0.000000 0.050000 4.974188
0.095106 0.015451 4.984660
0.058779 -0.040451 4.995132
-0.058779 -0.040451 5.005604
-0.095106 0.015451 5.016076
-0.000000 0.050000 5.026548
0.095106 0.015451 5.037020
0.058779 -0.040451 5.047492
-0.058779 -0.040451 5.057964
-0.095106 0.015451 5.068436
-0.000000 0.050000 5.078908
0.095106 0.015451 5.089380
0.058779 -0.040451 5.099852
-0.058779 -0.040451 5.110324
-0.095106 0.015451 5.120796
0.000000 0.050000 5.131268
0.095106 0.015451 5.141740
0.058779 -0.040451 5.152212
-0.058779 -0.040451 5.162684
-0.095106 0.015451 5.173156
-0.000000 0.050000 5.183628
0.095106 0.015451 5.194100
0.058779 -0.040451 5.204572
-0.058779 -0.040451 5.215044
-0.095106 0.015451 5.225516
-0.000000 0.050000 5.235988
0.095106 0.015451 5.246460
0.058779 -0.040451 5.256932
-0.058779 -0.040451 5.267404
-0.095106 0.015451 5.277876
0.000000 0.050000 5.288348
0.095106 0.015451 5.298820
0.058779 -0.040451 5.309292
-0.058779 -0.040451 5.319764
-0.095106 0.015451 5.330236
-0.000000 0.050000 5.340708
0.095106 0.015451 5.351179
0.058779 -0.040451 5.361651
-0.058779 -0.040451 5.372123
-0.095106 0.015451 5.382595
-0.000000 0.050000 5.393067
0.095106 0.015451 5.403539
0.058779 -0.040451 5.414011
-0.058779 -0.040451 5.424483
-0.095106 0.015451 5.434955
-0.000000 0.050000 5.445427
0.095106 0.015451 5.455899
0.058779 -0.040451 5.466371
-0.058779 -0.040451 5.476843
-0.095106 0.015451 5.487315
-0.000000 0.050000 5.497787
0.095106 0.015451 5.508259
0.058779 -0.040451 5.518731
-0.058779 -0.040451 5.529203
-0.095106 0.015451 5.539675
-0.000000 0.050000 5.550147
0.095106 0.015451 5.560619
0.058779 -0.040451 5.571091
-0.058779 -0.040451 5.581563
-0.095106 0.015451 5.592035
-0.000000 0.050000 5.602507
0.095106 0.015451 5.612979
0.058779 -0.040451 5.623451
-0.058779 -0.040451 5.633923
-0.095106 0.015451 5.644395
-0.000000 0.050000 5.654867
0.095106 0.015451 5.665339
0.058779 -0.040451 5.675811
-0.058779 -0.040451 5.686283
-0.095106 0.015451 5.696755
0.000000 0.050000 5.707227
0.095106 0.015451 5.717699
0.058779 -0.040451 5.728171
-0.058779 -0.040451 5.738643
-0.095106 0.015451 5.749115
-0.000000 0.050000 5.759587
0.095106 0.015451 5.770059
0.058779 -0.040451 5.780530
-0.058779 -0.040451 5.791002
-0.095106 0.015451 5.801474
-0.000000 0.050000 5.811946
0.095106 0.015451 5.822418
0.058779 -0.040451 5.832890
-0.058779 -0.040451 5.843362
-0.095106 0.015451 5.853834
-0.000000 0.050000 5.864306
0.095106 0.015451 5.874778
0.058779 -0.040451 5.885250
-0.058779 -0.040451 5.895722
-0.095106 0.015451 5.906194
0.000000 0.050000 5.916666
0.095106 0.015451 5.927138
0.058779 -0.040451 5.937610
-0.058779 -0.040451 5.948082
-0.095106 0.015451 5.958554
0.000000 0.050000 5.969026
0.095106 0.015451 5.979498
0.058779 -0.040451 5.989970
-0.058779 -0.040451 6.000442
-0.095106 0.015451 6.010914
-0.000000 0.050000 6.021386
0.095106 0.015451 6.031858
0.058779 -0.040451 6.042330
-0.058779 -0.040451 6.052802
-0.095106 0.015451 6.063274
-0.000000 0.050000 6.073746
0.095106 0.015451 6.084218
0.058779 -0.040451 6.094690
-0.058779 -0.040451 6.105162
-0.095106 0.015451 6.115634
-0.000000 0.050000 6.126106
0.095106 0.015451 6.136578
0.058779 -0.040451 6.147050
-0.058779 -0.040451 6.157522
-0.095106 0.015451 6.167994
-0.000000 0.050000 6.178466
0.095106 0.015451 6.188938
0.058779 -0.040451 6.199410
-0.058779 -0.040451 6.209881
-0.095106 0.015451 6.220353
0.000000 0.050000 6.230825
0.095106 0.015451 6.241297
0.058779 -0.040451 6.251769
-0.058779 -0.040451 6.262241
-0.095106 0.015451 6.272713
-0.000000 0.050000 6.283185
0.095106 0.015451 6.293657
0.058779 -0.040451 6.304129
-0.058779 -0.040451 6.314601
-0.095106 0.015451 6.325073
-0.000000 0.050000 6.335545
0.095106 0.015451 6.346017
0.058779 -0.040451 6.356489
-0.058779 -0.040451 6.366961
-0.095106 0.015451 6.377433
-0.000000 0.050000 6.387905
0.095106 0.015451 6.398377
0.058779 -0.040451 6.408849
-0.058779 -0.040451 6.419321
-0.095106 0.015451 6.429793
-0.000000 0.050000 6.440265
0.095106 0.015451 6.450737
0.058779 -0.040451 6.461209
-0.058779 -0.040451 6.471681
-0.095106 0.015451 6.482153
0.000000 0.050000 6.492625
0.095106 0.015451 6.503097
0.058779 -0.040451 6.513569
-0.058779 -0.040451 6.524041
-0.095106 0.015451 6.534513
-0.000000 0.050000 6.544985
0.095106 0.015451 6.555457
0.058779 -0.040451 6.565929
-0.058779 -0.040451 6.576401
-0.095106 0.015451 6.586873
-0.000000 0.050000 6.597345
0.095106 0.015451 6.607817
0.058779 -0.040451 6.618289
-0.058779 -0.040451 6.628760
-0.095106 0.015451 6.639232
-0.000000 0.050000 6.649704
0.095106 0.015451 6.660176
0.058779 -0.040451 6.670648
-0.058779 -0.040451 6.681120
-0.095106 0.015451 6.691592
-0.000000 0.050000 6.702064
0.095106 0.015451 6.712536
0.058779 -0.040451 6.723008
-0.058779 -0.040451 6.733480
-0.095106 0.015451 6.743952
0.000000 0.050000 6.754424
0.095106 0.015451 6.764896
0.058779 -0.040451 6.775368
-0.058779 -0.040451 6.785840
-0.095106 0.015451 6.796312
0.000000 0.050000 6.806784
0.095106 0.015451 6.817256
0.058779 -0.040451 6.827728
-0.058779 -0.040451 6.838200
-0.095106 0.015451 6.848672
-0.000000 0.050000 6.859144
0.095106 0.015451 6.869616
0.058779 -0.040451 6.880088
-0.058779 -0.040451 6.890560
-0.095106 0.015451 6.901032
-0.000000 0.050000 6.911504
0.095106 0.015451 6.921976
0.058779 -0.040451 6.932448
-0.058779 -0.040451 6.942920
-0.095106 0.015451 6.953392
-0.000000 0.050000 6.963864
0.095106 0.015451 6.974336
0.058779 -0.040451 6.984808
-0.058779 -0.040451 6.995280
-0.095106 0.015451 7.005752
0.000000 0.050000 7.016224
0.095106 0.015451 7.026696
0.058779 -0.040451 7.037168
-0.058779 -0.040451 7.047640
-0.095106 0.015451 7.058111
0.000000 0.050000 7.068583
0.095106 0.015451 7.079055
0.058779 -0.040451 7.089527
-0.058779 -0.040451 7.099999
-0.095106 0.015451 7.110471
-0.000000 0.050000 7.120943
0.095106 0.015451 7.131415
0.058779 -0.040451 7.141887
-0.058779 -0.040451 7.152359
-0.095106 0.015451 7.162831
-0.000000 0.050000 7.173303
0.095106 0.015451 7.183775
0.058779 -0.040451 7.194247
-0.058779 -0.040451 7.204719
-0.095106 0.015451 7.215191
-0.000000 0.050000 7.225663
0.095106 0.015451 7.236135
0.058779 -0.040451 7.246607
-0.058779 -0.040451 7.257079
-0.095106 0.015451 7.267551
-0.000000 0.050000 7.278023
0.095106 0.015451 7.288495
0.058779 -0.040451 7.298967
-0.058779 -0.040451 7.309439
-0.095106 0.015451 7.319911
0.000000 0.050000 7.330383
0.095106 0.015451 7.340855
0.058779 -0.040451 7.351327
-0.058779 -0.040451 7.361799
-0.095106 0.015451 7.372271
-0.000000 0.050000 7.382743
0.095106 0.015451 7.393215
0.058779 -0.040451 7.403687
-0.058779 -0.040451 7.414159
-0.095106 0.015451 7.424631
-0.000000 0.050000 7.435103
0.095106 0.015451 7.445575
0.058779 -0.040451 7.456047
-0.058779 -0.040451 7.466519
-0.095106 0.015451 7.476991
-0.000000 0.050000 7.487462
0.095106 0.015451 7.497934
0.058779 -0.040451 7.508406
-0.058779 -0.040451 7.518878
-0.095106 0.015451 7.529350
-0.000000 0.050000 7.539822
0.095106 0.015451 7.550294
0.058779 -0.040451 7.560766
-0.058779 -0.040451 7.571238
-0.095106 0.015451 7.581710
0.000000 0.050000 7.592182
0.095106 0.015451 7.602654
0.058779 -0.040451 7.613126
-0.058779 -0.040451 7.623598
-0.095106 0.015451 7.634070
0.000000 0.050000 7.644542
0.095106 0.015451 7.655014
0.058779 -0.040451 7.665486
-0.058779 -0.040451 7.675958
-0.095106 0.015451 7.686430
-0.000000 0.050000 7.696902
0.095106 0.015451 7.707374
0.058779 -0.040451 7.717846
-0.058779 -0.040451 7.728318
-0.095106 0.015451 7.738790
-0.000000 0.050000 7.749262
0.095106 0.015451 7.759734
0.058779 -0.040451 7.770206
-0.058779 -0.040451 7.780678
-0.095106 0.015451 7.791150
-0.000000 0.050000 7.801622
0.095106 0.015451 7.812094
0.058779 -0.040451 7.822566
-0.058779 -0.040451 7.833038
-0.095106 0.015451 7.843510
-0.000000 0.050000 7.848746
0.095106 0.015451 7.846145
0.058779 -0.040451 7.843544
-0.058779 -0.040451 7.840943
-0.095106 0.015451 7.838342
0.000000 0.050000 7.835741
0.095106 0.015451 7.833140
0.058779 -0.040451 7.830539
-0.058779 -0.040451 7.827938
-0.095106 0.015451 7.825337
-0.000000 0.050000 7.822737
0.095106 0.015451 7.820136
0.058779 -0.040451 7.817535
-0.058779 -0.040451 7.814934
-0.095106 0.015451 7.812333
-0.000000 0.050000 7.809732
0.095106 0.015451 7.807131
0.058779 -0.040451 7.804530
-0.058779 -0.040451 7.801929
-0.095106 0.015451 7.799328
-0.000000 0.050000 7.796728
0.095106 0.015451 7.794127
0.058779 -0.040451 7.791526
-0.058779 -0.040451 7.788925
-0.095106 0.015451 7.786324
-0.000000 0.050000 7.783723
0.095106 0.015451 7.781122
0.058779 -0.040451 7.778521
-0.058779 -0.040451 7.775920
-0.095106 0.015451 7.773319
0.000000 0.050000 7.770718
0.095106 0.015451 7.768118
0.058779 -0.040451 7.765517
-0.058779 -0.040451 7.762916
-0.095106 0.015451 7.760315
-0.000000 0.050000 7.757714
0.095106 0.015451 7.755113
0.058779 -0.040451 7.752512
-0.058779 -0.040451 7.749911
-0.095106 0.015451 7.747310
-0.000000 0.050000 7.744709
0.095106 0.015451 7.742108
0.058779 -0.040451 7.739508
-0.058779 -0.040451 7.736907
-0.095106 0.015451 7.734306
-0.000000 0.050000 7.731705
0.095106 0.015451 7.729104
0.058779 -0.040451 7.726503
-0.058779 -0.040451 7.723902
-0.095106 0.015451 7.721301
-0.000000 0.050000 7.718700
0.095106 0.015451 7.716099
0.058779 -0.040451 7.713499
-0.058779 -0.040451 7.710898
-0.095106 0.015451 7.708297
0.000000 0.050000 7.705696
0.095106 0.015451 7.703095
0.058779 -0.040451 7.700494
-0.058779 -0.040451 7.697893
-0.095106 0.015451 7.695292
-0.000000 0.050000 7.692691
0.095106 0.015451 7.690090
0.058779 -0.040451 7.687489
-0.058779 -0.040451 7.684889
-0.095106 0.015451 7.682288
-0.000000 0.050000 7.679687
0.095106 0.015451 7.677086
0.058779 -0.040451 7.674485
-0.058779 -0.040451 7.671884
-0.095106 0.015451 7.669283
-0.000000 0.050000 7.666682
0.095106 0.015451 7.664081
0.058779 -0.040451 7.661480
-0.058779 -0.040451 7.658879
-0.095106 0.015451 7.656279
-0.000000 0.050000 7.653678
0.095106 0.015451 7.651077
0.058779 -0.040451 7.648476
-0.058779 -0.040451 7.645875
-0.095106 0.015451 7.643274
0.000000 0.050000 7.640673
0.095106 0.015451 7.638072
0.058779 -0.040451 7.635471
-0.058779 -0.040451 7.632870
-0.095106 0.015451 7.630270
0.000000 0.050000 7.627669
0.095106 0.015451 7.625068
0.058779 -0.040451 7.622467
-0.058779 -0.040451 7.619866
-0.095106 0.015451 7.617265
-0.000000 0.050000 7.614664
0.095106 0.015451 7.612063
0.058779 -0.040451 7.609462
-0.058779 -0.040451 7.606861
-0.095106 0.015451 7.604260
-0.000000 0.050000 7.601660
0.095106 0.015451 7.599059
0.058779 -0.040451 7.596458
-0.058779 -0.040451 7.593857
-0.095106 0.015451 7.591256
-0.000000 0.050000 7.588655
0.095106 0.015451 7.586054
0.058779 -0.040451 7.583453
-0.058779 -0.040451 7.580852
-0.095106 0.015451 7.578251
-0.000000 0.050000 7.575651
0.095106 0.015451 7.573050
0.058779 -0.040451 7.570449
-0.058779 -0.040451 7.567848
-0.095106 0.015451 7.565247
0.000000 0.050000 7.562646
0.095106 0.015451 7.560045
0.058779 -0.040451 7.557444
-0.058779 -0.040451 7.554843
-0.095106 0.015451 7.552242
-0.000000 0.050000 7.549641
0.095106 0.015451 7.547041
0.058779 -0.040451 7.544440
-0.058779 -0.040451 7.541839
-0.095106 0.015451 7.539238
-0.000000 0.050000 7.536637
0.095106 0.015451 7.534036
0.058779 -0.040451 7.531435
-0.058779 -0.040451 7.528834
-0.095106 0.015451 7.526233
-0.000000 0.050000 7.523632
0.095106 0.015451 7.521031
0.058779 -0.040451 7.518431
-0.058779 -0.040451 7.515830
-0.095106 0.015451 7.513229
-0.000000 0.050000 7.510628
0.095106 0.015451 7.508027
0.058779 -0.040451 7.505426
-0.058779 -0.040451 7.502825
-0.095106 0.015451 7.500224
0.000000 0.050000 7.497623
0.095106 0.015451 7.495022
0.058779 -0.040451 7.492422
-0.058779 -0.040451 7.489821
-0.095106 0.015451 7.487220
-0.000000 0.050000 7.484619
0.095106 0.015451 7.482018
0.058779 -0.040451 7.479417
-0.058779 -0.040451 7.476816
-0.095106 0.015451 7.474215
-0.000000 0.050000 7.471614
0.095106 0.015451 7.469013
0.058779 -0.040451 7.466412
-0.058779 -0.040451 7.463812
-0.095106 0.015451 7.461211
-0.000000 0.050000 7.458610
0.095106 0.015451 7.456009
0.058779 -0.040451 7.453408
-0.058779 -0.040451 7.450807
-0.095106 0.015451 7.448206
-0.000000 0.050000 7.445605
0.095106 0.015451 7.443004
0.058779 -0.040451 7.440403
-0.058779 -0.040451 7.437802
-0.095106 0.015451 7.435202
-0.000000 0.050000 7.432601
0.095106 0.015451 7.430000
0.058779 -0.040451 7.427399
-0.058779 -0.040451 7.424798
-0.095106 0.015451 7.422197
-0.000000 0.050000 7.419596
0.095106 0.015451 7.416995
0.058779 -0.040451 7.414394
-0.058779 -0.040451 7.411793
-0.095106 0.015451 7.409193
-0.000000 0.050000 7.406592
0.095106 0.015451 7.403991
0.058779 -0.040451 7.401390
-0.058779 -0.040451 7.398789
-0.095106 0.015451 7.396188
-0.000000 0.050000 7.393587
0.095106 0.015451 7.390986
0.058779 -0.040451 7.388385
-0.058779 -0.040451 7.385784
-0.095106 0.015451 7.383183
-0.000000 0.050000 7.380583
0.095106 0.015451 7.377982
0.058779 -0.040451 7.375381
-0.058779 -0.040451 7.372780
-0.095106 0.015451 7.370179
-0.000000 0.050000 7.367578
0.095106 0.015451 7.364977
0.058779 -0.040451 7.362376
-0.058779 -0.040451 7.359775
-0.095106 0.015451 7.357174
0.000000 0.050000 7.354573
0.095106 0.015451 7.351973
0.058779 -0.040451 7.349372
-0.058779 -0.040451 7.346771
-0.095106 0.015451 7.344170
-0.000000 0.050000 7.341569
0.095106 0.015451 7.338968
0.058779 -0.040451 7.336367
-0.058779 -0.040451 7.333766
-0.095106 0.015451 7.331165
-0.000000 0.050000 7.328564
0.095106 0.015451 7.325964
0.058779 -0.040451 7.323363
-0.058779 -0.040451 7.320762
-0.095106 0.015451 7.318161
-0.000000 0.050000 7.315560
0.095106 0.015451 7.312959
0.058779 -0.040451 7.310358
-0.058779 -0.040451 7.307757
-0.095106 0.015451 7.305156
-0.000000 0.050000 7.302555
0.095106 0.015451 7.299954
0.058779 -0.040451 7.297354
-0.058779 -0.040451 7.294753
-0.095106 0.015451 7.292152
-0.000000 0.050000 7.289551
0.095106 0.015451 7.286950
0.058779 -0.040451 7.284349
-0.058779 -0.040451 7.281748
-0.095106 0.015451 7.279147
-0.000000 0.050000 7.276546
0.095106 0.015451 7.273945
0.058779 -0.040451 7.271344
-0.058779 -0.040451 7.268744
-0.095106 0.015451 7.266143
-0.000000 0.050000 7.263542
0.095106 0.015451 7.260941
0.058779 -0.040451 7.258340
-0.058779 -0.040451 7.255739
-0.095106 0.015451 7.253138
0.000000 0.050000 7.250537
0.095106 0.015451 7.247936
0.058779 -0.040451 7.245335
-0.058779 -0.040451 7.242735
-0.095106 0.015451 7.240134
0.000000 0.050000 7.237533
0.095106 0.015451 7.234932
0.058779 -0.040451 7.232331
-0.058779 -0.040451 7.229730
-0.095106 0.015451 7.227129
0.000000 0.050000 7.224528
0.095106 0.015451 7.221927
0.058779 -0.040451 7.219326
-0.058779 -0.040451 7.216725
-0.095106 0.015451 7.214125
-0.000000 0.050000 7.211524
0.095106 0.015451 7.208923
0.058779 -0.040451 7.206322
-0.058779 -0.040451 7.203721
-0.095106 0.015451 7.201120
-0.000000 0.050000 7.198519
0.095106 0.015451 7.195918
0.058779 -0.040451 7.193317
-0.058779 -0.040451 7.190716
-0.095106 0.015451 7.188115
-0.000000 0.050000 7.185515
0.095106 0.015451 7.182914
0.058779 -0.040451 7.180313
-0.058779 -0.040451 7.177712
-0.095106 0.015451 7.175111
-0.000000 0.050000 7.172510
0.095106 0.015451 7.169909
0.058779 -0.040451 7.167308
-0.058779 -0.040451 7.164707
-0.095106 0.015451 7.162106
-0.000000 0.050000 7.159506
0.095106 0.015451 7.156905
0.058779 -0.040451 7.154304
-0.058779 -0.040451 7.151703
-0.095106 0.015451 7.149102
-0.000000 0.050000 7.146501
0.095106 0.015451 7.143900
0.058779 -0.040451 7.141299
-0.058779 -0.040451 7.138698
-0.095106 0.015451 7.136097
-0.000000 0.050000 7.133496
0.095106 0.015451 7.130896
0.058779 -0.040451 7.128295
-0.058779 -0.040451 7.125694
-0.095106 0.015451 7.123093
-0.000000 0.050000 7.120492
0.095106 0.015451 7.117891
0.058779 -0.040451 7.115290
-0.058779 -0.040451 7.112689
-0.095106 0.015451 7.110088
0.000000 0.050000 7.107487
0.095106 0.015451 7.104886
0.058779 -0.040451 7.102286
-0.058779 -0.040451 7.099685
-0.095106 0.015451 7.097084
0.000000 0.050000 7.094483
0.095106 0.015451 7.091882
0.058779 -0.040451 7.089281
-0.058779 -0.040451 7.086680
-0.095106 0.015451 7.084079
0.000000 0.050000 7.081478
0.095106 0.015451 7.078877
0.058779 -0.040451 7.076277
-0.058779 -0.040451 7.073676
-0.095106 0.015451 7.071075
-0.000000 0.050000 7.068474
0.095106 0.015451 7.068145
0.058779 -0.040451 7.067156
-0.058779 -0.040451 7.065503
-0.095106 0.015451 7.063179
-0.000000 0.050000 7.060173
0.095106 0.015451 7.056473
0.058779 -0.040451 7.052061
-0.058779 -0.040451 7.046917
-0.095106 0.015451 7.041018
-0.000000 0.050000 7.034337
0.095106 0.015451 7.026842
0.058779 -0.040451 7.018499
-0.058779 -0.040451 7.009266
-0.095106 0.015451 6.999099
-0.000000 0.050000 6.987949
0.095106 0.015451 6.975758
0.058779 -0.040451 6.962466
-0.058779 -0.040451 6.948003
-0.095106 0.015451 6.932295
-0.000000 0.050000 6.915258
0.095106 0.015451 6.896802
0.058779 -0.040451 6.876828
-0.058779 -0.040451 6.855230
-0.095106 0.015451 6.831891
-0.000000 0.050000 6.806689
0.095106 0.015451 6.779492
0.058779 -0.040451 6.750164
-0.058779 -0.040451 6.718564
-0.095106 0.015451 6.684548
-0.000000 0.050000 6.647976
0.095106 0.015451 6.608717
0.058779 -0.040451 6.566654
-0.058779 -0.040451 6.521694
-0.095106 0.015451 6.473779
0.000000 0.050000 6.422895
0.095106 0.015451 6.369091
0.058779 -0.040451 6.312482
-0.058779 -0.040451 6.253269
-0.095106 0.015451 6.191736
0.000000 0.050000 6.128256
0.095106 0.015451 6.063282
0.058779 -0.040451 5.997332
-0.058779 -0.040451 5.930965
-0.095106 0.015451 5.864754
0.000000 0.050000 5.799256
0.095106 0.015451 5.734985
0.058779 -0.040451 5.672391
-0.058779 -0.040451 5.611840
-0.095106 0.015451 5.553611
-0.000000 0.050000 5.497897
0.095106 0.015451 5.444807
0.058779 -0.040451 5.394381
-0.058779 -0.040451 5.346599
-0.095106 0.015451 5.301394
-0.000000 0.050000 5.258664
0.095106 0.015451 5.218284
0.058779 -0.040451 5.180112
-0.058779 -0.040451 5.143997
-0.095106 0.015451 5.109786
-0.000000 0.050000 5.077326
0.095106 0.015451 5.046465
0.058779 -0.040451 5.017060
-0.058779 -0.040451 4.988969
-0.095106 0.015451 4.962062
-0.000000 0.050000 4.936213
0.095106 0.015451 4.911301
0.058779 -0.040451 4.887216
-0.058779 -0.040451 4.863849
-0.095106 0.015451 4.841100
-0.000000 0.050000 4.818872
0.095106 0.015451 4.797071
0.058779 -0.040451 4.775608
-0.058779 -0.040451 4.754397
-0.095106 0.015451 4.733351
-0.000000 0.050000 4.712389
0.095106 0.015451 4.691427
0.058779 -0.040451 4.670381
-0.058779 -0.040451 4.649170
-0.095106 0.015451 4.627707
-0.000000 0.050000 4.605906
0.095106 0.015451 4.583678
0.058779 -0.040451 4.560929
-0.058779 -0.040451 4.537562
-0.095106 0.015451 4.513477
-0.000000 0.050000 4.488565
0.095106 0.015451 4.462716
0.058779 -0.040451 4.435809
-0.058779 -0.040451 4.407718
-0.095106 0.015451 4.378313
0.000000 0.050000 4.347452
0.095106 0.015451 4.314991
0.058779 -0.040451 4.280781
-0.058779 -0.040451 4.244666
-0.095106 0.015451 4.206494
0.000000 0.050000 4.166114
0.095106 0.015451 4.123384
0.058779 -0.040451 4.078179
-0.058779 -0.040451 4.030397
-0.095106 0.015451 3.979971
0.000000 0.050000 3.926881
0.095106 0.015451 3.871167
0.058779 -0.040451 3.812938
-0.058779 -0.040451 3.752387
-0.095106 0.015451 3.689793
-0.000000 0.050000 3.625522
0.095106 0.015451 3.560024
0.058779 -0.040451 3.493813
-0.058779 -0.040451 3.427446
-0.095106 0.015451 3.361496
-0.000000 0.050000 3.296522
0.095106 0.015451 3.233042
0.058779 -0.040451 3.171509
-0.058779 -0.040451 3.112296
-0.095106 0.015451 3.055687
-0.000000 0.050000 3.001883
0.095106 0.015451 2.950999
0.058779 -0.040451 2.903084
-0.058779 -0.040451 2.858124
-0.095106 0.015451 2.816061
-0.000000 0.050000 2.776802
0.095106 0.015451 2.740230
0.058779 -0.040451 2.706214
-0.058779 -0.040451 2.674614
-0.095106 0.015451 2.645285
-0.000000 0.050000 2.618089
0.095106 0.015451 2.592887
0.058779 -0.040451 2.569548
-0.058779 -0.040451 2.547950
-0.095106 0.015451 2.527976
-0.000000 0.050000 2.509520
0.095106 0.015451 2.492483
0.058779 -0.040451 2.476775
-0.058779 -0.040451 2.462312
-0.095106 0.015451 2.449020
-0.000000 0.050000 2.436829
0.095106 0.015451 2.425678
0.058779 -0.040451 2.415512
-0.058779 -0.040451 2.406279
-0.095106 0.015451 2.397936
0.000000 0.050000 2.390441
0.095106 0.015451 2.383760
0.058779 -0.040451 2.377861
-0.058779 -0.040451 2.372717
-0.095106 0.015451 2.368305
0.000000 0.050000 2.364605
0.095106 0.015451 2.361599
0.058779 -0.040451 2.359275
-0.058779 -0.040451 2.357622
-0.095106 0.015451 2.356633
0.000000 0.050000 2.356304
0.095106 0.015451 2.356633
0.058779 -0.040451 2.357622
-0.058779 -0.040451 2.359275
-0.095106 0.015451 2.361599
-0.000000 0.050000 2.364605
0.095106 0.015451 2.368305
0.058779 -0.040451 2.372717
-0.058779 -0.040451 2.377861
-0.095106 0.015451 2.383760
-0.000000 0.050000 2.390441
0.095106 0.015451 2.397936
0.058779 -0.040451 2.406279
-0.058779 -0.040451 2.415512
-0.095106 0.015451 2.425678
-0.000000 0.050000 2.436829
0.095106 0.015451 2.449020
0.058779 -0.040451 2.462312
-0.058779 -0.040451 2.476775
-0.095106 0.015451 2.492483
-0.000000 0.050000 2.509520
0.095106 0.015451 2.527976
0.058779 -0.040451 2.547950
-0.058779 -0.040451 2.569548
-0.095106 0.015451 2.592887
-0.000000 0.050000 2.618089
0.095106 0.015451 2.645285
0.058779 -0.040451 2.674614
-0.058779 -0.040451 2.706214
-0.095106 0.015451 2.740230
-0.000000 0.050000 2.776802
0.095106 0.015451 2.816061
0.058779 -0.040451 2.858124
-0.058779 -0.040451 2.903084
-0.095106 0.015451 2.950999
-0.000000 0.050000 3.001883
0.095106 0.015451 3.055687
0.058779 -0.040451 3.112296
-0.058779 -0.040451 3.171509
-0.095106 0.015451 3.233042
-0.000000 0.050000 3.296522
0.095106 0.015451 3.361496
0.058779 -0.040451 3.427446
-0.058779 -0.040451 3.493813
-0.095106 0.015451 3.560024
0.000000 0.050000 3.625522
0.095106 0.015451 3.689793
0.058779 -0.040451 3.752387
-0.058779 -0.040451 3.812938
-0.095106 0.015451 3.871167
0.000000 0.050000 3.926881
0.095106 0.015451 3.979971
0.058779 -0.040451 4.030397
-0.058779 -0.040451 4.078179
-0.095106 0.015451 4.123384
0.000000 0.050000 4.166114
0.095106 0.015451 4.206494
0.058779 -0.040451 4.244666
-0.058779 -0.040451 4.280781
-0.095106 0.015451 4.314991
-0.000000 0.050000 4.347452
0.095106 0.015451 4.378313
0.058779 -0.040451 4.407718
-0.058779 -0.040451 4.435809
-0.095106 0.015451 4.462716
-0.000000 0.050000 4.488565
0.095106 0.015451 4.513477
0.058779 -0.040451 4.537562
-0.058779 -0.040451 4.560929
-0.095106 0.015451 4.583678
-0.000000 0.050000 4.605906
0.095106 0.015451 4.627707
0.058779 -0.040451 4.649170
-0.058779 -0.040451 4.670381
-0.095106 0.015451 4.691427
-0.000000 0.050000 4.712389
0.095106 0.015451 4.733351
0.058779 -0.040451 4.754397
-0.058779 -0.040451 4.775608
-0.095106 0.015451 4.797071
-0.000000 0.050000 4.818872
0.095106 0.015451 4.841100
0.058779 -0.040451 4.863849
-0.058779 -0.040451 4.887216
-0.095106 0.015451 4.911301
-0.000000 0.050000 4.936213
0.095106 0.015451 4.962062
0.058779 -0.040451 4.988969
-0.058779 -0.040451 5.017060
-0.095106 0.015451 5.046465
-0.000000 0.050000 5.077326
0.095106 0.015451 5.109786
0.058779 -0.040451 5.143997
-0.058779 -0.040451 5.180112
-0.095106 0.015451 5.218284
-0.000000 0.050000 5.258664
0.095106 0.015451 5.301394
0.058779 -0.040451 5.346599
-0.058779 -0.040451 5.394381
-0.095106 0.015451 5.444807
0.000000 0.050000 5.497897
0.095106 0.015451 5.553611
0.058779 -0.040451 5.611840
-0.058779 -0.040451 5.672391
-0.095106 0.015451 5.734985
0.000000 0.050000 5.799256
0.095106 0.015451 5.864754
0.058779 -0.040451 5.930965
-0.058779 -0.040451 5.997332
-0.095106 0.015451 6.063282
0.000000 0.050000 6.128256
0.095106 0.015451 6.191736
0.058779 -0.040451 6.253269
-0.058779 -0.040451 6.312482
-0.095106 0.015451 6.369091
-0.000000 0.050000 6.422895
0.095106 0.015451 6.473779
0.058779 -0.040451 6.521694
-0.058779 -0.040451 6.566654
-0.095106 0.015451 6.608717
-0.000000 0.050000 6.647976
0.095106 0.015451 6.684548
0.058779 -0.040451 6.718564
-0.058779 -0.040451 6.750164
-0.095106 0.015451 6.779492
-0.000000 0.050000 6.806689
0.095106 0.015451 6.831891
0.058779 -0.040451 6.855230
-0.058779 -0.040451 6.876828
-0.095106 0.015451 6.896802
-0.000000 0.050000 6.915258
0.095106 0.015451 6.932295
0.058779 -0.040451 6.948003
-0.058779 -0.040451 6.962466
-0.095106 0.015451 6.975758
-0.000000 0.050000 6.987949
0.095106 0.015451 6.999099
0.058779 -0.040451 7.009266
-0.058779 -0.040451 7.018499
-0.095106 0.015451 7.026842
-0.000000 0.050000 7.034337
0.095106 0.015451 7.041018
0.058779 -0.040451 7.046917
-0.058779 -0.040451 7.052061
-0.095106 0.015451 7.056473
-0.000000 0.050000 7.060173
0.095106 0.015451 7.063179
0.058779 -0.040451 7.065503
-0.058779 -0.040451 7.067156
-0.095106 0.015451 7.068145
-0.000000 0.050000 7.068474
0.095106 0.015451 7.070918
0.058779 -0.040451 7.073362
-0.058779 -0.040451 7.075806
-0.095106 0.015451 7.078250
0.000000 0.050000 7.080694
0.095106 0.015451 7.083138
0.058779 -0.040451 7.085582
-0.058779 -0.040451 7.088026
-0.095106 0.015451 7.090470
0.000000 0.050000 7.092914
0.095106 0.015451 7.095357
0.058779 -0.040451 7.097801
-0.058779 -0.040451 7.100245
-0.095106 0.015451 7.102689
-0.000000 0.050000 7.105133
0.095106 0.015451 7.107577
0.058779 -0.040451 7.110021
-0.058779 -0.040451 7.112465
-0.095106 0.015451 7.114909
-0.000000 0.050000 7.117353
0.095106 0.015451 7.119797
0.058779 -0.040451 7.122241
-0.058779 -0.040451 7.124685
-0.095106 0.015451 7.127129
-0.000000 0.050000 7.129573
0.095106 0.015451 7.132017
0.058779 -0.040451 7.134461
-0.058779 -0.040451 7.136905
-0.095106 0.015451 7.139349
-0.000000 0.050000 7.141793
0.095106 0.015451 7.144237
0.058779 -0.040451 7.146681
-0.058779 -0.040451 7.149125
-0.095106 0.015451 7.151569
-0.000000 0.050000 7.154013
0.095106 0.015451 7.156457
0.058779 -0.040451 7.158901
-0.058779 -0.040451 7.161345
-0.095106 0.015451 7.163789
-0.000000 0.050000 7.166233
0.095106 0.015451 7.168677
0.058779 -0.040451 7.171121
-0.058779 -0.040451 7.173565
-0.095106 0.015451 7.176009
-0.000000 0.050000 7.178453
0.095106 0.015451 7.180896
0.058779 -0.040451 7.183340
-0.058779 -0.040451 7.185784
-0.095106 0.015451 7.188228
-0.000000 0.050000 7.190672
0.095106 0.015451 7.193116
0.058779 -0.040451 7.195560
-0.058779 -0.040451 7.198004
-0.095106 0.015451 7.200448
0.000000 0.050000 7.202892
0.095106 0.015451 7.205336
0.058779 -0.040451 7.207780
-0.058779 -0.040451 7.210224
-0.095106 0.015451 7.212668
0.000000 0.050000 7.215112
0.095106 0.015451 7.217556
0.058779 -0.040451 7.220000
-0.058779 -0.040451 7.222444
-0.095106 0.015451 7.224888
0.000000 0.050000 7.227332
0.095106 0.015451 7.229776
0.058779 -0.040451 7.232220
-0.058779 -0.040451 7.234664
-0.095106 0.015451 7.237108
-0.000000 0.050000 7.239552
0.095106 0.015451 7.241996
0.058779 -0.040451 7.244440
-0.058779 -0.040451 7.246884
-0.095106 0.015451 7.249328
-0.000000 0.050000 7.251772
0.095106 0.015451 7.254216
0.058779 -0.040451 7.256660
-0.058779 -0.040451 7.259104
-0.095106 0.015451 7.261548
-0.000000 0.050000 7.263992
0.095106 0.015451 7.266435
0.058779 -0.040451 7.268879
-0.058779 -0.040451 7.271323
-0.095106 0.015451 7.273767
-0.000000 0.050000 7.276211
0.095106 0.015451 7.278655
0.058779 -0.040451 7.281099
-0.058779 -0.040451 7.283543
-0.095106 0.015451 7.285987
-0.000000 0.050000 7.288431
0.095106 0.015451 7.290875
0.058779 -0.040451 7.293319
-0.058779 -0.040451 7.295763
-0.095106 0.015451 7.298207
-0.000000 0.050000 7.300651
0.095106 0.015451 7.303095
0.058779 -0.040451 7.305539
-0.058779 -0.040451 7.307983
-0.095106 0.015451 7.310427
-0.000000 0.050000 7.312871
0.095106 0.015451 7.315315
0.058779 -0.040451 7.317759
-0.058779 -0.040451 7.320203
-0.095106 0.015451 7.322647
-0.000000 0.050000 7.325091
0.095106 0.015451 7.327535
0.058779 -0.040451 7.329979
-0.058779 -0.040451 7.332423
-0.095106 0.015451 7.334867
0.000000 0.050000 7.337311
0.095106 0.015451 7.339755
0.058779 -0.040451 7.342199
-0.058779 -0.040451 7.344643
-0.095106 0.015451 7.347087
0.000000 0.050000 7.349531
0.095106 0.015451 7.351974
0.058779 -0.040451 7.354418
-0.058779 -0.040451 7.356862
-0.095106 0.015451 7.359306
-0.000000 0.050000 7.361750
0.095106 0.015451 7.364194
0.058779 -0.040451 7.366638
-0.058779 -0.040451 7.369082
-0.095106 0.015451 7.371526
-0.000000 0.050000 7.373970
0.095106 0.015451 7.376414
0.058779 -0.040451 7.378858
-0.058779 -0.040451 7.381302
-0.095106 0.015451 7.383746
-0.000000 0.050000 7.386190
0.095106 0.015451 7.388634
0.058779 -0.040451 7.391078
-0.058779 -0.040451 7.393522
-0.095106 0.015451 7.395966
-0.000000 0.050000 7.398410
0.095106 0.015451 7.400854
0.058779 -0.040451 7.403298
-0.058779 -0.040451 7.405742
-0.095106 0.015451 7.408186
-0.000000 0.050000 7.410630
0.095106 0.015451 7.413074
0.058779 -0.040451 7.415518
-0.058779 -0.040451 7.417962
-0.095106 0.015451 7.420406
-0.000000 0.050000 7.422850
0.095106 0.015451 7.425294
0.058779 -0.040451 7.427738
-0.058779 -0.040451 7.430182
-0.095106 0.015451 7.432626
-0.000000 0.050000 7.435070
0.095106 0.015451 7.437513
0.058779 -0.040451 7.439957
-0.058779 -0.040451 7.442401
-0.095106 0.015451 7.444845
-0.000000 0.050000 7.447289
0.095106 0.015451 7.449733
0.058779 -0.040451 7.452177
-0.058779 -0.040451 7.454621
-0.095106 0.015451 7.457065
0.000000 0.050000 7.459509
0.095106 0.015451 7.461953
0.058779 -0.040451 7.464397
-0.058779 -0.040451 7.466841
-0.095106 0.015451 7.469285
0.000000 0.050000 7.471729
0.095106 0.015451 7.474173
0.058779 -0.040451 7.476617
-0.058779 -0.040451 7.479061
-0.095106 0.015451 7.481505
0.000000 0.050000 7.483949
0.095106 0.015451 7.486393
0.058779 -0.040451 7.488837
-0.058779 -0.040451 7.491281
-0.095106 0.015451 7.493725
-0.000000 0.050000 7.496169
0.095106 0.015451 7.498613
0.058779 -0.040451 7.501057
-0.058779 -0.040451 7.503501
-0.095106 0.015451 7.505945
-0.000000 0.050000 7.508389
0.095106 0.015451 7.510833
0.058779 -0.040451 7.513277
-0.058779 -0.040451 7.515721
-0.095106 0.015451 7.518165
-0.000000 0.050000 7.520609
0.095106 0.015451 7.523052
0.058779 -0.040451 7.525496
-0.058779 -0.040451 7.527940
-0.095106 0.015451 7.530384
-0.000000 0.050000 7.532828
0.095106 0.015451 7.535272
0.058779 -0.040451 7.537716
-0.058779 -0.040451 7.540160
-0.095106 0.015451 7.542604
-0.000000 0.050000 7.545048
0.095106 0.015451 7.547492
0.058779 -0.040451 7.549936
-0.058779 -0.040451 7.552380
-0.095106 0.015451 7.554824
-0.000000 0.050000 7.557268
0.095106 0.015451 7.559712
0.058779 -0.040451 7.562156
-0.058779 -0.040451 7.564600
-0.095106 0.015451 7.567044
-0.000000 0.050000 7.569488
0.095106 0.015451 7.571932
0.058779 -0.040451 7.574376
-0.058779 -0.040451 7.576820
-0.095106 0.015451 7.579264
-0.000000 0.050000 7.581708
0.095106 0.015451 7.584152
0.058779 -0.040451 7.586596
-0.058779 -0.040451 7.589040
-0.095106 0.015451 7.591484
0.000000 0.050000 7.593928
0.095106 0.015451 7.596372
0.058779 -0.040451 7.598816
-0.058779 -0.040451 7.601260
-0.095106 0.015451 7.603704
0.000000 0.050000 7.606148
0.095106 0.015451 7.608591
0.058779 -0.040451 7.611035
-0.058779 -0.040451 7.613479
-0.095106 0.015451 7.615923
-0.000000 0.050000 7.618367
0.095106 0.015451 7.620811
0.058779 -0.040451 7.623255
-0.058779 -0.040451 7.625699
-0.095106 0.015451 7.628143
-0.000000 0.050000 7.630587
0.095106 0.015451 7.633031
0.058779 -0.040451 7.635475
-0.058779 -0.040451 7.637919
-0.095106 0.015451 7.640363
-0.000000 0.050000 7.642807
0.095106 0.015451 7.645251
0.058779 -0.040451 7.647695
-0.058779 -0.040451 7.650139
-0.095106 0.015451 7.652583
-0.000000 0.050000 7.655027
0.095106 0.015451 7.657471
0.058779 -0.040451 7.659915
-0.058779 -0.040451 7.662359
-0.095106 0.015451 7.664803
-0.000000 0.050000 7.667247
0.095106 0.015451 7.669691
0.058779 -0.040451 7.672135
-0.058779 -0.040451 7.674579
-0.095106 0.015451 7.677023
-0.000000 0.050000 7.679467
0.095106 0.015451 7.681911
0.058779 -0.040451 7.684355
-0.058779 -0.040451 7.686799
-0.095106 0.015451 7.689243
-0.000000 0.050000 7.691687
0.095106 0.015451 7.694130
0.058779 -0.040451 7.696574
-0.058779 -0.040451 7.699018
-0.095106 0.015451 7.701462
-0.000000 0.050000 7.703906
0.095106 0.015451 7.706350
0.058779 -0.040451 7.708794
-0.058779 -0.040451 7.711238
-0.095106 0.015451 7.713682
-0.000000 0.050000 7.716126
0.095106 0.015451 7.718570
0.058779 -0.040451 7.721014
-0.058779 -0.040451 7.723458
-0.095106 0.015451 7.725902
0.000000 0.050000 7.728346
0.095106 0.015451 7.730790
0.058779 -0.040451 7.733234
-0.058779 -0.040451 7.735678
-0.095106 0.015451 7.738122
0.000000 0.050000 7.740566
0.095106 0.015451 7.743010
0.058779 -0.040451 7.745454
-0.058779 -0.040451 7.747898
-0.095106 0.015451 7.750342
-0.000000 0.050000 7.752786
0.095106 0.015451 7.755230
0.058779 -0.040451 7.757674
-0.058779 -0.040451 7.760118
-0.095106 0.015451 7.762562
-0.000000 0.050000 7.765006
0.095106 0.015451 7.767450
0.058779 -0.040451 7.769894
-0.058779 -0.040451 7.772338
-0.095106 0.015451 7.774782
-0.000000 0.050000 7.777226
0.095106 0.015451 7.779669
0.058779 -0.040451 7.782113
-0.058779 -0.040451 7.784557
-0.095106 0.015451 7.787001
-0.000000 0.050000 7.789445
0.095106 0.015451 7.791889
0.058779 -0.040451 7.794333
-0.058779 -0.040451 7.796777
-0.095106 0.015451 7.799221
-0.000000 0.050000 7.801665
0.095106 0.015451 7.749608
0.058779 -0.040451 7.647262
-0.058779 -0.040451 7.548736
-0.095106 0.015451 7.455421
-0.000000 0.050000 7.368226
0.095106 0.015451 7.287606
0.058779 -0.040451 7.213631
-0.058779 -0.040451 7.146099
-0.095106 0.015451 7.084624
-0.000000 0.050000 7.028728
0.095106 0.015451 6.977893
0.058779 -0.040451 6.931605
-0.058779 -0.040451 6.889373
-0.095106 0.015451 6.850746
-0.000000 0.050000 6.815316
0.095106 0.015451 6.782720
0.058779 -0.040451 6.752634
-0.058779 -0.040451 6.724775
-0.095106 0.015451 6.698895
-0.000000 0.050000 6.674775
0.095106 0.015451 6.652224
0.058779 -0.040451 6.631074
-0.058779 -0.040451 6.611178
-0.095106 0.015451 6.592405
0.000000 0.050000 6.574642
0.095106 0.015451 6.557787
0.058779 -0.040451 6.541750
-0.058779 -0.040451 6.526452
-0.095106 0.015451 6.511820
-0.000000 0.050000 6.497792
0.095106 0.015451 6.484309
0.058779 -0.040451 6.471320
-0.058779 -0.040451 6.458778
-0.095106 0.015451 6.446640
-0.000000 0.050000 6.434869
0.095106 0.015451 6.423428
0.058779 -0.040451 6.412285
-0.058779 -0.040451 6.401410
-0.095106 0.015451 6.390775
-0.000000 0.050000 6.380354
0.095106 0.015451 6.370124
0.058779 -0.040451 6.360060
-0.058779 -0.040451 6.350143
-0.095106 0.015451 6.340351
-0.000000 0.050000 6.330665
0.095106 0.015451 6.321066
0.058779 -0.040451 6.311536
-0.058779 -0.040451 6.302057
-0.095106 0.015451 6.292613
-0.000000 0.050000 6.283185
0.095106 0.015451 6.273758
0.058779 -0.040451 6.264313
-0.058779 -0.040451 6.254835
-0.095106 0.015451 6.245305
-0.000000 0.050000 6.235706
0.095106 0.015451 6.226020
0.058779 -0.040451 6.216228
-0.058779 -0.040451 6.206310
-0.095106 0.015451 6.196247
-0.000000 0.050000 6.186016
0.095106 0.015451 6.175596
0.058779 -0.040451 6.164961
-0.058779 -0.040451 6.154086
-0.095106 0.015451 6.142943
-0.000000 0.050000 6.131502
0.095106 0.015451 6.119730
0.058779 -0.040451 6.107593
-0.058779 -0.040451 6.095051
-0.095106 0.015451 6.082062
-0.000000 0.050000 6.068579
0.095106 0.015451 6.054550
0.058779 -0.040451 6.039919
-0.058779 -0.040451 6.024620
-0.095106 0.015451 6.008584
0.000000 0.050000 5.991729
0.095106 0.015451 5.973965
0.058779 -0.040451 5.955193
-0.058779 -0.040451 5.935297
-0.095106 0.015451 5.914147
0.000000 0.050000 5.891595
0.095106 0.015451 5.867475
0.058779 -0.040451 5.841595
-0.058779 -0.040451 5.813737
-0.095106 0.015451 5.783651
-0.000000 0.050000 5.751054
0.095106 0.015451 5.715625
0.058779 -0.040451 5.676998
-0.058779 -0.040451 5.634766
-0.095106 0.015451 5.588477
-0.000000 0.050000 5.537643
0.095106 0.015451 5.481747
0.058779 -0.040451 5.420272
-0.058779 -0.040451 5.352739
-0.095106 0.015451 5.278765
-0.000000 0.050000 5.198144
0.095106 0.015451 5.110950
0.058779 -0.040451 5.017634
-0.058779 -0.040451 4.919109
-0.095106 0.015451 4.816763
-0.000000 0.050000 4.712389
0.095106 0.015451 4.608015
0.058779 -0.040451 4.505669
-0.058779 -0.040451 4.407144
-0.095106 0.015451 4.313828
-0.000000 0.050000 4.226634
0.095106 0.015451 4.146013
0.058779 -0.040451 4.072039
-0.058779 -0.040451 4.004506
-0.095106 0.015451 3.943031
-0.000000 0.050000 3.887135
0.095106 0.015451 3.836301
0.058779 -0.040451 3.790012
-0.058779 -0.040451 3.747780
-0.095106 0.015451 3.709153
-0.000000 0.050000 3.673724
0.095106 0.015451 3.641127
0.058779 -0.040451 3.611041
-0.058779 -0.040451 3.583183
-0.095106 0.015451 3.557302
-0.000000 0.050000 3.533182
0.095106 0.015451 3.510631
0.058779 -0.040451 3.489481
-0.058779 -0.040451 3.469585
-0.095106 0.015451 3.450813
-0.000000 0.050000 3.433049
0.095106 0.015451 3.416194
0.058779 -0.040451 3.400158
-0.058779 -0.040451 3.384859
-0.095106 0.015451 3.370228
-0.000000 0.050000 3.356199
0.095106 0.015451 3.342716
0.058779 -0.040451 3.329727
-0.058779 -0.040451 3.317185
-0.095106 0.015451 3.305048
-0.000000 0.050000 3.293276
0.095106 0.015451 3.281835
0.058779 -0.040451 3.270692
-0.058779 -0.040451 3.259817
-0.095106 0.015451 3.249182
-0.000000 0.050000 3.238762
0.095106 0.015451 3.228531
0.058779 -0.040451 3.218468
-0.058779 -0.040451 3.208550
-0.095106 0.015451 3.198758
-0.000000 0.050000 3.189072
0.095106 0.015451 3.179473
0.058779 -0.040451 3.169943
-0.058779 -0.040451 3.160465
-0.095106 0.015451 3.151020
-0.000000 0.050000 3.141593
0.095106 0.015451 3.132165
0.058779 -0.040451 3.122720
-0.058779 -0.040451 3.113242
-0.095106 0.015451 3.103712
-0.000000 0.050000 3.094113
0.095106 0.015451 3.084427
0.058779 -0.040451 3.074635
-0.058779 -0.040451 3.064718
-0.095106 0.015451 3.054654
0.000000 0.050000 3.044424
0.095106 0.015451 3.034003
0.058779 -0.040451 3.023368
-0.058779 -0.040451 3.012493
-0.095106 0.015451 3.001350
-0.000000 0.050000 2.989909
0.095106 0.015451 2.978138
0.058779 -0.040451 2.966000
-0.058779 -0.040451 2.953458
-0.095106 0.015451 2.940469
0.000000 0.050000 2.926986
0.095106 0.015451 2.912958
0.058779 -0.040451 2.898326
-0.058779 -0.040451 2.883028
-0.095106 0.015451 2.866991
-0.000000 0.050000 2.850136
0.095106 0.015451 2.832373
0.058779 -0.040451 2.813600
-0.058779 -0.040451 2.793704
-0.095106 0.015451 2.772554
0.000000 0.050000 2.750003
0.095106 0.015451 2.725883
0.058779 -0.040451 2.700003
-0.058779 -0.040451 2.672144
-0.095106 0.015451 2.642058
-0.000000 0.050000 2.609462
0.095106 0.015451 2.574032
0.058779 -0.040451 2.535405
-0.058779 -0.040451 2.493173
-0.095106 0.015451 2.446885
-0.000000 0.050000 2.396050
0.095106 0.015451 2.340154
0.058779 -0.040451 2.278679
-0.058779 -0.040451 2.211147
-0.095106 0.015451 2.137172
-0.000000 0.050000 2.056552
0.095106 0.015451 1.969357
0.058779 -0.040451 1.876042
-0.058779 -0.040451 1.777516
-0.095106 0.015451 1.675170
-0.000000 0.050000 1.570796
0.095106 0.015451 1.466423
0.058779 -0.040451 1.364077
-0.058779 -0.040451 1.265551
-0.095106 0.015451 1.172235
-0.000000 0.050000 1.085041
0.095106 0.015451 1.004420
0.058779 -0.040451 0.930446
-0.058779 -0.040451 0.862913
-0.095106 0.015451 0.801439
-0.000000 0.050000 0.745543
0.095106 0.015451 0.694708
0.058779 -0.040451 0.648420
-0.058779 -0.040451 0.606188
-0.095106 0.015451 0.567561
0.000000 0.050000 0.532131
0.095106 0.015451 0.499534
0.058779 -0.040451 0.469449
-0.058779 -0.040451 0.441590
-0.095106 0.015451 0.415710
-0.000000 0.050000 0.391590
0.095106 0.015451 0.369039
0.058779 -0.040451 0.347889
-0.058779 -0.040451 0.327992
-0.095106 0.015451 0.309220
0.000000 0.050000 0.291457
0.095106 0.015451 0.274602
0.058779 -0.040451 0.258565
-0.058779 -0.040451 0.243266
-0.095106 0.015451 0.228635
-0.000000 0.050000 0.214606
0.095106 0.015451 0.201123
0.058779 -0.040451 0.188134
-0.058779 -0.040451 0.175592
-0.095106 0.015451 0.163455
0.000000 0.050000 0.151684
0.095106 0.015451 0.140243
0.058779 -0.040451 0.129100
-0.058779 -0.040451 0.118224
-0.095106 0.015451 0.107590
-0.000000 0.050000 0.097169
0.095106 0.015451 0.086938
0.058779 -0.040451 0.076875
-0.058779 -0.040451 0.066958
-0.095106 0.015451 0.057166
-0.000000 0.050000 0.047480
0.095106 0.015451 0.037881
0.058779 -0.040451 0.028351
-0.058779 -0.040451 0.018872
-0.095106 0.015451 0.009428
-0.000000 0.050000 -0.000000
0.095106 0.015451 -0.009428
0.058779 -0.040451 -0.018872
-0.058779 -0.040451 -0.028351
-0.095106 0.015451 -0.037881
-0.000000 0.050000 -0.047480
0.095106 0.015451 -0.057166
0.058779 -0.040451 -0.066958
-0.058779 -0.040451 -0.076875
-0.095106 0.015451 -0.086938
-0.000000 0.050000 -0.097169
0.095106 0.015451 -0.107590
0.058779 -0.040451 -0.118224
-0.058779 -0.040451 -0.129100
-0.095106 0.015451 -0.140243
-0.000000 0.050000 -0.151684
0.095106 0.015451 -0.163455
0.058779 -0.040451 -0.175592
-0.058779 -0.040451 -0.188134
-0.095106 0.015451 -0.201123
0.000000 0.050000 -0.214606
0.095106 0.015451 -0.228635
0.058779 -0.040451 -0.243266
-0.058779 -0.040451 -0.258565
-0.095106 0.015451 -0.274602
-0.000000 0.050000 -0.291457
0.095106 0.015451 -0.309220
0.058779 -0.040451 -0.327992
-0.058779 -0.040451 -0.347889
-0.095106 0.015451 -0.369039
0.000000 0.050000 -0.391590
0.095106 0.015451 -0.415710
0.058779 -0.040451 -0.441590
-0.058779 -0.040451 -0.469449
-0.095106 0.015451 -0.499534
-0.000000 0.050000 -0.532131
0.095106 0.015451 -0.567561
0.058779 -0.040451 -0.606188
-0.058779 -0.040451 -0.648420
-0.095106 0.015451 -0.694708
0.000000 0.050000 -0.745543
0.095106 0.015451 -0.801439
0.058779 -0.040451 -0.862913
-0.058779 -0.040451 -0.930446
-0.095106 0.015451 -1.004420
-0.000000 0.050000 -1.085041
0.095106 0.015451 -1.172235
0.058779 -0.040451 -1.265551
-0.058779 -0.040451 -1.364077
-0.095106 0.015451 -1.414876
