# x (m), y (m), z (m)
10.000000 0.000000 0.000000
9.999452 0.104718 0.000000
9.997807 0.209424 0.000000
9.995066 0.314108 0.000000
9.991228 0.418757 0.000000
9.986295 0.523360 0.000000
9.980267 0.627905 0.000000
9.973145 0.732382 0.000000
9.964929 0.836778 0.000000
9.955620 0.941083 0.000000
9.945219 1.045285 0.000000
9.933728 1.149372 0.000000
9.921147 1.253332 0.000000
9.907478 1.357156 0.000000
9.892723 1.460830 0.000000
9.876883 1.564345 0.000000
9.859960 1.667687 0.000000
9.841956 1.770847 0.000000
9.822873 1.873813 0.000000
9.802712 1.976573 0.000000
9.781476 2.079117 0.000000
9.759168 2.181432 0.000000
9.735789 2.283509 0.000000
9.711343 2.385335 0.000000
9.685832 2.486899 0.000000
9.659258 2.588190 0.000000
9.631626 2.689198 0.000000
9.602937 2.789911 0.000000
9.573195 2.890318 0.000000
9.542403 2.990408 0.000000
9.510565 3.090170 0.000000
9.477684 3.189593 0.000000
9.443764 3.288666 0.000000
9.408808 3.387379 0.000000
9.372820 3.485720 0.000000
9.335804 3.583679 0.000000
9.297765 3.681246 0.000000
9.258706 3.778408 0.000000
9.218632 3.875156 0.000000
9.177546 3.971479 0.000000
9.135455 4.067366 0.000000
9.092361 4.162808 0.000000
9.048271 4.257793 0.000000
9.003188 4.352311 0.000000
8.957118 4.446352 0.000000
8.910065 4.539905 0.000000
8.862036 4.632960 0.000000
8.813035 4.725508 0.000000
8.763067 4.817537 0.000000
8.712138 4.909038 0.000000
8.660254 5.000000 0.000000
8.607420 5.090414 0.000000
8.553643 5.180270 0.000000
8.498927 5.269558 0.000000
8.443279 5.358268 0.000000
8.386706 5.446390 0.000000
8.329212 5.533915 0.000000
8.270806 5.620834 0.000000
8.211492 5.707136 0.000000
8.151278 5.792812 0.000000
8.090170 5.877853 0.000000
8.028175 5.962249 0.000000
7.965299 6.045991 0.000000
7.901550 6.129071 0.000000
7.836935 6.211478 0.000000
7.771460 6.293204 0.000000
7.705132 6.374240 0.000000
7.637960 6.454577 0.000000
7.569951 6.534206 0.000000
7.501111 6.613119 0.000000
7.431448 6.691306 0.000000
7.360971 6.768760 0.000000
7.289686 6.845471 0.000000
7.217602 6.921432 0.000000
7.144727 6.996633 0.000000
7.071068 7.071068 0.000000
6.996633 7.144727 0.000000
6.921432 7.217602 0.000000
6.845471 7.289686 0.000000
6.768760 7.360971 0.000000
6.691306 7.431448 0.000000
6.613119 7.501111 0.000000
6.534206 7.569951 0.000000
6.454577 7.637960 0.000000
6.374240 7.705132 0.000000
6.293204 7.771460 0.000000
6.211478 7.836935 0.000000
6.129071 7.901550 0.000000
6.045991 7.965299 0.000000
5.962249 8.028175 0.000000
5.877853 8.090170 0.000000
5.792812 8.151278 0.000000
5.707136 8.211492 0.000000
5.620834 8.270806 0.000000
5.533915 8.329212 0.000000
5.446390 8.386706 0.000000
5.358268 8.443279 0.000000
5.269558 8.498927 0.000000
5.180270 8.553643 0.000000
5.090414 8.607420 0.000000
5.000000 8.660254 0.000000
4.909038 8.712138 0.000000
4.817537 8.763067 0.000000
4.725508 8.813035 0.000000
4.632960 8.862036 0.000000
4.539905 8.910065 0.000000
4.446352 8.957118 0.000000
4.352311 9.003188 0.000000
4.257793 9.048271 0.000000
4.162808 9.092361 0.000000
4.067366 9.135455 0.000000
3.971479 9.177546 0.000000
3.875156 9.218632 0.000000
3.778408 9.258706 0.000000
3.681246 9.297765 0.000000
3.583679 9.335804 0.000000
3.485720 9.372820 0.000000
3.387379 9.408808 0.000000
3.288666 9.443764 0.000000
3.189593 9.477684 0.000000
3.090170 9.510565 0.000000
2.990408 9.542403 0.000000
2.890318 9.573195 0.000000
2.789911 9.602937 0.000000
2.689198 9.631626 0.000000
2.588190 9.659258 0.000000
2.486899 9.685832 0.000000
2.385335 9.711343 0.000000
2.283509 9.735789 0.000000
2.181432 9.759168 0.000000
2.079117 9.781476 0.000000
1.976573 9.802712 0.000000
1.873813 9.822873 0.000000
1.770847 9.841956 0.000000
1.667687 9.859960 0.000000
1.564345 9.876883 0.000000
1.460830 9.892723 0.000000
1.357156 9.907478 0.000000
1.253332 9.921147 0.000000
1.149372 9.933728 0.000000
1.045285 9.945219 0.000000
0.941083 9.955620 0.000000
0.836778 9.964929 0.000000
0.732382 9.973145 0.000000
0.627905 9.980267 0.000000
0.523360 9.986295 0.000000
0.418757 9.991228 0.000000
0.314108 9.995066 0.000000
0.209424 9.997807 0.000000
0.104718 9.999452 0.000000
0.000000 10.000000 0.000000
-0.104718 9.999452 0.000000
-0.209424 9.997807 0.000000
-0.314108 9.995066 0.000000
-0.418757 9.991228 0.000000
-0.523360 9.986295 0.000000
-0.627905 9.980267 0.000000
-0.732382 9.973145 0.000000
-0.836778 9.964929 0.000000
-0.941083 9.955620 0.000000
-1.045285 9.945219 0.000000
-1.149372 9.933728 0.000000
-1.253332 9.921147 0.000000
-1.357156 9.907478 0.000000
-1.460830 9.892723 0.000000
-1.564345 9.876883 0.000000
-1.667687 9.859960 0.000000
-1.770847 9.841956 0.000000
-1.873813 9.822873 0.000000
-1.976573 9.802712 0.000000
-2.079117 9.781476 0.000000
-2.181432 9.759168 0.000000
-2.283509 9.735789 0.000000
-2.385335 9.711343 0.000000
-2.486899 9.685832 0.000000
-2.588190 9.659258 0.000000
-2.689198 9.631626 0.000000
-2.789911 9.602937 0.000000
-2.890318 9.573195 0.000000
-2.990408 9.542403 0.000000
-3.090170 9.510565 0.000000
-3.189593 9.477684 0.000000
-3.288666 9.443764 0.000000
-3.387379 9.408808 0.000000
-3.485720 9.372820 0.000000
-3.583679 9.335804 0.000000
-3.681246 9.297765 0.000000
-3.778408 9.258706 0.000000
-3.875156 9.218632 0.000000
-3.971479 9.177546 0.000000
-4.067366 9.135455 0.000000
-4.162808 9.092361 0.000000
-4.257793 9.048271 0.000000
-4.352311 9.003188 0.000000
-4.446352 8.957118 0.000000
-4.539905 8.910065 0.000000
-4.632960 8.862036 0.000000
-4.725508 8.813035 0.000000
-4.817537 8.763067 0.000000
-4.909038 8.712138 0.000000
-5.000000 8.660254 0.000000
-5.090414 8.607420 0.000000
-5.180270 8.553643 0.000000
-5.269558 8.498927 0.000000
-5.358268 8.443279 0.000000
-5.446390 8.386706 0.000000
-5.533915 8.329212 0.000000
-5.620834 8.270806 0.000000
-5.707136 8.211492 0.000000
-5.792812 8.151278 0.000000
-5.877853 8.090170 0.000000
-5.962249 8.028175 0.000000
-6.045991 7.965299 0.000000
-6.129071 7.901550 0.000000
-6.211478 7.836935 0.000000
-6.293204 7.771460 0.000000
-6.374240 7.705132 0.000000
-6.454577 7.637960 0.000000
-6.534206 7.569951 0.000000
-6.613119 7.501111 0.000000
-6.691306 7.431448 0.000000
-6.768760 7.360971 0.000000
-6.845471 7.289686 0.000000
-6.921432 7.217602 0.000000
-6.996633 7.144727 0.000000
-7.071068 7.071068 0.000000
-7.144727 6.996633 0.000000
-7.217602 6.921432 0.000000
-7.289686 6.845471 0.000000
-7.360971 6.768760 0.000000
-7.431448 6.691306 0.000000
-7.501111 6.613119 0.000000
-7.569951 6.534206 0.000000
-7.637960 6.454577 0.000000
-7.705132 6.374240 0.000000
-7.771460 6.293204 0.000000
-7.836935 6.211478 0.000000
-7.901550 6.129071 0.000000
-7.965299 6.045991 0.000000
-8.028175 5.962249 0.000000
-8.090170 5.877853 0.000000
-8.151278 5.792812 0.000000
-8.211492 5.707136 0.000000
-8.270806 5.620834 0.000000
-8.329212 5.533915 0.000000
-8.386706 5.446390 0.000000
-8.443279 5.358268 0.000000
-8.498927 5.269558 0.000000
-8.553643 5.180270 0.000000
-8.607420 5.090414 0.000000
-8.660254 5.000000 0.000000
-8.712138 4.909038 0.000000
-8.763067 4.817537 0.000000
-8.813035 4.725508 0.000000
-8.862036 4.632960 0.000000
-8.910065 4.539905 0.000000
-8.957118 4.446352 0.000000
-9.003188 4.352311 0.000000
-9.048271 4.257793 0.000000
-9.092361 4.162808 0.000000
-9.135455 4.067366 0.000000
-9.177546 3.971479 0.000000
-9.218632 3.875156 0.000000
-9.258706 3.778408 0.000000
-9.297765 3.681246 0.000000
-9.335804 3.583679 0.000000
-9.372820 3.485720 0.000000
-9.408808 3.387379 0.000000
-9.443764 3.288666 0.000000
-9.477684 3.189593 0.000000
-9.510565 3.090170 0.000000
-9.542403 2.990408 0.000000
-9.573195 2.890318 0.000000
-9.602937 2.789911 0.000000
-9.631626 2.689198 0.000000
-9.659258 2.588190 0.000000
-9.685832 2.486899 0.000000
-9.711343 2.385335 0.000000
-9.735789 2.283509 0.000000
-9.759168 2.181432 0.000000
-9.781476 2.079117 0.000000
-9.802712 1.976573 0.000000
-9.822873 1.873813 0.000000
-9.841956 1.770847 0.000000
-9.859960 1.667687 0.000000
-9.876883 1.564345 0.000000
-9.892723 1.460830 0.000000
-9.907478 1.357156 0.000000
-9.921147 1.253332 0.000000
-9.933728 1.149372 0.000000
-9.945219 1.045285 0.000000
-9.955620 0.941083 0.000000
-9.964929 0.836778 0.000000
-9.973145 0.732382 0.000000
-9.980267 0.627905 0.000000
-9.986295 0.523360 0.000000
-9.991228 0.418757 0.000000
-9.995066 0.314108 0.000000
-9.997807 0.209424 0.000000
-9.999452 0.104718 0.000000
-10.000000 0.000000 0.000000
-9.999452 -0.104718 0.000000
-9.997807 -0.209424 0.000000
-9.995066 -0.314108 0.000000
-9.991228 -0.418757 0.000000
-9.986295 -0.523360 0.000000
-9.980267 -0.627905 0.000000
-9.973145 -0.732382 0.000000
-9.964929 -0.836778 0.000000
-9.955620 -0.941083 0.000000
-9.945219 -1.045285 0.000000
-9.933728 -1.149372 0.000000
-9.921147 -1.253332 0.000000
-9.907478 -1.357156 0.000000
-9.892723 -1.460830 0.000000
-9.876883 -1.564345 0.000000
-9.859960 -1.667687 0.000000
-9.841956 -1.770847 0.000000
-9.822873 -1.873813 0.000000
-9.802712 -1.976573 0.000000
-9.781476 -2.079117 0.000000
-9.759168 -2.181432 0.000000
-9.735789 -2.283509 0.000000
-9.711343 -2.385335 0.000000
-9.685832 -2.486899 0.000000
-9.659258 -2.588190 0.000000
-9.631626 -2.689198 0.000000
-9.602937 -2.789911 0.000000
-9.573195 -2.890318 0.000000
-9.542403 -2.990408 0.000000
-9.510565 -3.090170 0.000000
-9.477684 -3.189593 0.000000
-9.443764 -3.288666 0.000000
-9.408808 -3.387379 0.000000
-9.372820 -3.485720 0.000000
-9.335804 -3.583679 0.000000
-9.297765 -3.681246 0.000000
-9.258706 -3.778408 0.000000
-9.218632 -3.875156 0.000000
-9.177546 -3.971479 0.000000
-9.135455 -4.067366 0.000000
-9.092361 -4.162808 0.000000
-9.048271 -4.257793 0.000000
-9.003188 -4.352311 0.000000
-8.957118 -4.446352 0.000000
-8.910065 -4.539905 0.000000
-8.862036 -4.632960 0.000000
-8.813035 -4.725508 0.000000
-8.763067 -4.817537 0.000000
-8.712138 -4.909038 0.000000
-8.660254 -5.000000 0.000000
-8.607420 -5.090414 0.000000
-8.553643 -5.180270 0.000000
-8.498927 -5.269558 0.000000
-8.443279 -5.358268 0.000000
-8.386706 -5.446390 0.000000
-8.329212 -5.533915 0.000000
-8.270806 -5.620834 0.000000
-8.211492 -5.707136 0.000000
-8.151278 -5.792812 0.000000
-8.090170 -5.877853 0.000000
-8.028175 -5.962249 0.000000
-7.965299 -6.045991 0.000000
-7.901550 -6.129071 0.000000
-7.836935 -6.211478 0.000000
-7.771460 -6.293204 0.000000
-7.705132 -6.374240 0.000000
-7.637960 -6.454577 0.000000
-7.569951 -6.534206 0.000000
-7.501111 -6.613119 0.000000
-7.431448 -6.691306 0.000000
-7.360971 -6.768760 0.000000
-7.289686 -6.845471 0.000000
-7.217602 -6.921432 0.000000
-7.144727 -6.996633 0.000000
-7.071068 -7.071068 0.000000
-6.996633 -7.144727 0.000000
-6.921432 -7.217602 0.000000
-6.845471 -7.289686 0.000000
-6.768760 -7.360971 0.000000
-6.691306 -7.431448 0.000000
-6.613119 -7.501111 0.000000
-6.534206 -7.569951 0.000000
-6.454577 -7.637960 0.000000
-6.374240 -7.705132 0.000000
-6.293204 -7.771460 0.000000
-6.211478 -7.836935 0.000000
-6.129071 -7.901550 0.000000
-6.045991 -7.965299 0.000000
-5.962249 -8.028175 0.000000
-5.877853 -8.090170 0.000000
-5.792812 -8.151278 0.000000
-5.707136 -8.211492 0.000000
-5.620834 -8.270806 0.000000
-5.533915 -8.329212 0.000000
-5.446390 -8.386706 0.000000
-5.358268 -8.443279 0.000000
-5.269558 -8.498927 0.000000
-5.180270 -8.553643 0.000000
-5.090414 -8.607420 0.000000
-5.000000 -8.660254 0.000000
-4.909038 -8.712138 0.000000
-4.817537 -8.763067 0.000000
-4.725508 -8.813035 0.000000
-4.632960 -8.862036 0.000000
-4.539905 -8.910065 0.000000
-4.446352 -8.957118 0.000000
-4.352311 -9.003188 0.000000
-4.257793 -9.048271 0.000000
-4.162808 -9.092361 0.000000
-4.067366 -9.135455 0.000000
-3.971479 -9.177546 0.000000
-3.875156 -9.218632 0.000000
-3.778408 -9.258706 0.000000
-3.681246 -9.297765 0.000000
-3.583679 -9.335804 0.000000
-3.485720 -9.372820 0.000000
-3.387379 -9.408808 0.000000
-3.288666 -9.443764 0.000000
-3.189593 -9.477684 0.000000
-3.090170 -9.510565 0.000000
-2.990408 -9.542403 0.000000
-2.890318 -9.573195 0.000000
-2.789911 -9.602937 0.000000
-2.689198 -9.631626 0.000000
-2.588190 -9.659258 0.000000
-2.486899 -9.685832 0.000000
-2.385335 -9.711343 0.000000
-2.283509 -9.735789 0.000000
-2.181432 -9.759168 0.000000
-2.079117 -9.781476 0.000000
-1.976573 -9.802712 0.000000
-1.873813 -9.822873 0.000000
-1.770847 -9.841956 0.000000
-1.667687 -9.859960 0.000000
-1.564345 -9.876883 0.000000
-1.460830 -9.892723 0.000000
-1.357156 -9.907478 0.000000
-1.253332 -9.921147 0.000000
-1.149372 -9.933728 0.000000
-1.045285 -9.945219 0.000000
-0.941083 -9.955620 0.000000
-0.836778 -9.964929 0.000000
-0.732382 -9.973145 0.000000
-0.627905 -9.980267 0.000000
-0.523360 -9.986295 0.000000
-0.418757 -9.991228 0.000000
-0.314108 -9.995066 0.000000
-0.209424 -9.997807 0.000000
-0.104718 -9.999452 0.000000
-0.000000 -10.000000 0.000000
0.104718 -9.999452 0.000000
0.209424 -9.997807 0.000000
0.314108 -9.995066 0.000000
0.418757 -9.991228 0.000000
0.523360 -9.986295 0.000000
0.627905 -9.980267 0.000000
0.732382 -9.973145 0.000000
0.836778 -9.964929 0.000000
0.941083 -9.955620 0.000000
1.045285 -9.945219 0.000000
1.149372 -9.933728 0.000000
1.253332 -9.921147 0.000000
1.357156 -9.907478 0.000000
1.460830 -9.892723 0.000000
1.564345 -9.876883 0.000000
1.667687 -9.859960 0.000000
1.770847 -9.841956 0.000000
1.873813 -9.822873 0.000000
1.976573 -9.802712 0.000000
2.079117 -9.781476 0.000000
2.181432 -9.759168 0.000000
2.283509 -9.735789 0.000000
2.385335 -9.711343 0.000000
2.486899 -9.685832 0.000000
2.588190 -9.659258 0.000000
2.689198 -9.631626 0.000000
2.789911 -9.602937 0.000000
2.890318 -9.573195 0.000000
2.990408 -9.542403 0.000000
3.090170 -9.510565 0.000000
3.189593 -9.477684 0.000000
3.288666 -9.443764 0.000000
3.387379 -9.408808 0.000000
3.485720 -9.372820 0.000000
3.583679 -9.335804 0.000000
3.681246 -9.297765 0.000000
3.778408 -9.258706 0.000000
3.875156 -9.218632 0.000000
3.971479 -9.177546 0.000000
4.067366 -9.135455 0.000000
4.162808 -9.092361 0.000000
4.257793 -9.048271 0.000000
4.352311 -9.003188 0.000000
4.446352 -8.957118 0.000000
4.539905 -8.910065 0.000000
4.632960 -8.862036 0.000000
4.725508 -8.813035 0.000000
4.817537 -8.763067 0.000000
4.909038 -8.712138 0.000000
5.000000 -8.660254 0.000000
5.090414 -8.607420 0.000000
5.180270 -8.553643 0.000000
5.269558 -8.498927 0.000000
5.358268 -8.443279 0.000000
5.446390 -8.386706 0.000000
5.533915 -8.329212 0.000000
5.620834 -8.270806 0.000000
5.707136 -8.211492 0.000000
5.792812 -8.151278 0.000000
5.877853 -8.090170 0.000000
5.962249 -8.028175 0.000000
6.045991 -7.965299 0.000000
6.129071 -7.901550 0.000000
6.211478 -7.836935 0.000000
6.293204 -7.771460 0.000000
6.374240 -7.705132 0.000000
6.454577 -7.637960 0.000000
6.534206 -7.569951 0.000000
6.613119 -7.501111 0.000000
6.691306 -7.431448 0.000000
6.768760 -7.360971 0.000000
6.845471 -7.289686 0.000000
6.921432 -7.217602 0.000000
6.996633 -7.144727 0.000000
7.071068 -7.071068 0.000000
7.144727 -6.996633 0.000000
7.217602 -6.921432 0.000000
7.289686 -6.845471 0.000000
7.360971 -6.768760 0.000000
7.431448 -6.691306 0.000000
7.501111 -6.613119 0.000000
7.569951 -6.534206 0.000000
7.637960 -6.454577 0.000000
7.705132 -6.374240 0.000000
7.771460 -6.293204 0.000000
7.836935 -6.211478 0.000000
7.901550 -6.129071 0.000000
7.965299 -6.045991 0.000000
8.028175 -5.962249 0.000000
8.090170 -5.877853 0.000000
8.151278 -5.792812 0.000000
8.211492 -5.707136 0.000000
8.270806 -5.620834 0.000000
8.329212 -5.533915 0.000000
8.386706 -5.446390 0.000000
8.443279 -5.358268 0.000000
8.498927 -5.269558 0.000000
8.553643 -5.180270 0.000000
8.607420 -5.090414 0.000000
8.660254 -5.000000 0.000000
8.712138 -4.909038 0.000000
8.763067 -4.817537 0.000000
8.813035 -4.725508 0.000000
8.862036 -4.632960 0.000000
8.910065 -4.539905 0.000000
8.957118 -4.446352 0.000000
9.003188 -4.352311 0.000000
9.048271 -4.257793 0.000000
9.092361 -4.162808 0.000000
9.135455 -4.067366 0.000000
9.177546 -3.971479 0.000000
9.218632 -3.875156 0.000000
9.258706 -3.778408 0.000000
9.297765 -3.681246 0.000000
9.335804 -3.583679 0.000000
9.372820 -3.485720 0.000000
9.408808 -3.387379 0.000000
9.443764 -3.288666 0.000000
9.477684 -3.189593 0.000000
9.510565 -3.090170 0.000000
9.542403 -2.990408 0.000000
9.573195 -2.890318 0.000000
9.602937 -2.789911 0.000000
9.631626 -2.689198 0.000000
9.659258 -2.588190 0.000000
9.685832 -2.486899 0.000000
9.711343 -2.385335 0.000000
9.735789 -2.283509 0.000000
9.759168 -2.181432 0.000000
9.781476 -2.079117 0.000000
9.802712 -1.976573 0.000000
9.822873 -1.873813 0.000000
9.841956 -1.770847 0.000000
9.859960 -1.667687 0.000000
9.876883 -1.564345 0.000000
9.892723 -1.460830 0.000000
9.907478 -1.357156 0.000000
9.921147 -1.253332 0.000000
9.933728 -1.149372 0.000000
9.945219 -1.045285 0.000000
9.955620 -0.941083 0.000000
9.964929 -0.836778 0.000000
9.973145 -0.732382 0.000000
9.980267 -0.627905 0.000000
9.986295 -0.523360 0.000000
9.991228 -0.418757 0.000000
9.995066 -0.314108 0.000000
9.997807 -0.209424 0.000000
9.999452 -0.104718 0.000000
10.000000 0.000000 0.000000
10.000000 0.000000 0.011667
10.000000 0.000000 0.023333
10.000000 0.000000 0.035000
10.000000 0.000000 0.046667
10.000000 0.000000 0.058333
10.000000 0.000000 0.070000
10.000000 0.000000 0.081667
10.000000 0.000000 0.093333
10.000000 0.000000 0.105000
10.000000 0.000000 0.116667
10.000000 0.000000 0.128333
10.000000 0.000000 0.140000
10.000000 0.000000 0.151667
10.000000 0.000000 0.163333
10.000000 0.000000 0.175000
10.000000 0.000000 0.186667
10.000000 0.000000 0.198333
10.000000 0.000000 0.210000
10.000000 0.000000 0.221667
10.000000 0.000000 0.233333
10.000000 0.000000 0.245000
10.000000 0.000000 0.256667
10.000000 0.000000 0.268333
10.000000 0.000000 0.280000
10.000000 0.000000 0.291667
10.000000 0.000000 0.303333
10.000000 0.000000 0.315000
10.000000 0.000000 0.326667
10.000000 0.000000 0.338333
10.000000 0.000000 0.350000
10.000000 0.000000 0.361667
10.000000 0.000000 0.373333
10.000000 0.000000 0.385000
10.000000 0.000000 0.396667
10.000000 0.000000 0.408333
10.000000 0.000000 0.420000
10.000000 0.000000 0.431667
10.000000 0.000000 0.443333
10.000000 0.000000 0.455000
10.000000 0.000000 0.466667
10.000000 0.000000 0.478333
10.000000 0.000000 0.490000
10.000000 0.000000 0.501667
10.000000 0.000000 0.513333
10.000000 0.000000 0.525000
10.000000 0.000000 0.536667
10.000000 0.000000 0.548333
10.000000 0.000000 0.560000
10.000000 0.000000 0.571667
10.000000 0.000000 0.583333
10.000000 0.000000 0.595000
10.000000 0.000000 0.606667
10.000000 0.000000 0.618333
10.000000 0.000000 0.630000
10.000000 0.000000 0.641667
10.000000 0.000000 0.653333
10.000000 0.000000 0.665000
10.000000 0.000000 0.676667
10.000000 0.000000 0.688333
10.000000 0.000000 0.700000
10.000000 0.000000 0.711667
10.000000 0.000000 0.723333
10.000000 0.000000 0.735000
10.000000 0.000000 0.746667
10.000000 0.000000 0.758333
10.000000 0.000000 0.770000
10.000000 0.000000 0.781667
10.000000 0.000000 0.793333
10.000000 0.000000 0.805000
10.000000 0.000000 0.816667
10.000000 0.000000 0.828333
10.000000 0.000000 0.840000
10.000000 0.000000 0.851667
10.000000 0.000000 0.863333
10.000000 0.000000 0.875000
10.000000 0.000000 0.886667
10.000000 0.000000 0.898333
10.000000 0.000000 0.910000
10.000000 0.000000 0.921667
10.000000 0.000000 0.933333
10.000000 0.000000 0.945000
10.000000 0.000000 0.956667
10.000000 0.000000 0.968333
10.000000 0.000000 0.980000
10.000000 0.000000 0.991667
10.000000 0.000000 1.003333
10.000000 0.000000 1.015000
10.000000 0.000000 1.026667
10.000000 0.000000 1.038333
10.000000 0.000000 1.050000
10.000000 0.000000 1.061667
10.000000 0.000000 1.073333
10.000000 0.000000 1.085000
10.000000 0.000000 1.096667
10.000000 0.000000 1.108333
10.000000 0.000000 1.120000
10.000000 0.000000 1.131667
10.000000 0.000000 1.143333
10.000000 0.000000 1.155000
10.000000 0.000000 1.166667
10.000000 0.000000 1.178333
10.000000 0.000000 1.190000
10.000000 0.000000 1.201667
10.000000 0.000000 1.213333
10.000000 0.000000 1.225000
10.000000 0.000000 1.236667
10.000000 0.000000 1.248333
10.000000 0.000000 1.260000
10.000000 0.000000 1.271667
10.000000 0.000000 1.283333
10.000000 0.000000 1.295000
10.000000 0.000000 1.306667
10.000000 0.000000 1.318333
10.000000 0.000000 1.330000
10.000000 0.000000 1.341667
10.000000 0.000000 1.353333
10.000000 0.000000 1.365000
10.000000 0.000000 1.376667
10.000000 0.000000 1.388333
10.000000 0.000000 1.400000
10.000000 0.000000 1.411667
10.000000 0.000000 1.423333
10.000000 0.000000 1.435000
10.000000 0.000000 1.446667
10.000000 0.000000 1.458333
10.000000 0.000000 1.470000
10.000000 0.000000 1.481667
10.000000 0.000000 1.493333
10.000000 0.000000 1.505000
10.000000 0.000000 1.516667
10.000000 0.000000 1.528333
10.000000 0.000000 1.540000
10.000000 0.000000 1.551667
10.000000 0.000000 1.563333
10.000000 0.000000 1.575000
10.000000 0.000000 1.586667
10.000000 0.000000 1.598333
10.000000 0.000000 1.610000
10.000000 0.000000 1.621667
10.000000 0.000000 1.633333
10.000000 0.000000 1.645000
10.000000 0.000000 1.656667
10.000000 0.000000 1.668333
10.000000 0.000000 1.680000
10.000000 0.000000 1.691667
10.000000 0.000000 1.703333
10.000000 0.000000 1.715000
10.000000 0.000000 1.726667
10.000000 0.000000 1.738333
10.000000 0.000000 1.750000
10.000000 0.000000 1.761667
10.000000 0.000000 1.773333
10.000000 0.000000 1.785000
10.000000 0.000000 1.796667
10.000000 0.000000 1.808333
10.000000 0.000000 1.820000
10.000000 0.000000 1.831667
10.000000 0.000000 1.843333
10.000000 0.000000 1.855000
10.000000 0.000000 1.866667
10.000000 0.000000 1.878333
10.000000 0.000000 1.890000
10.000000 0.000000 1.901667
10.000000 0.000000 1.913333
10.000000 0.000000 1.925000
10.000000 0.000000 1.936667
10.000000 0.000000 1.948333
10.000000 0.000000 1.960000
10.000000 0.000000 1.971667
10.000000 0.000000 1.983333
10.000000 0.000000 1.995000
10.000000 0.000000 2.006667
10.000000 0.000000 2.018333
10.000000 0.000000 2.030000
10.000000 0.000000 2.041667
10.000000 0.000000 2.053333
10.000000 0.000000 2.065000
10.000000 0.000000 2.076667
10.000000 0.000000 2.088333
10.000000 0.000000 2.100000
10.000000 0.000000 2.111667
10.000000 0.000000 2.123333
10.000000 0.000000 2.135000
10.000000 0.000000 2.146667
10.000000 0.000000 2.158333
10.000000 0.000000 2.170000
10.000000 0.000000 2.181667
10.000000 0.000000 2.193333
10.000000 0.000000 2.205000
10.000000 0.000000 2.216667
10.000000 0.000000 2.228333
10.000000 0.000000 2.240000
10.000000 0.000000 2.251667
10.000000 0.000000 2.263333
10.000000 0.000000 2.275000
10.000000 0.000000 2.286667
10.000000 0.000000 2.298333
10.000000 0.000000 2.310000
10.000000 0.000000 2.321667
10.000000 0.000000 2.333333
10.000000 0.000000 2.345000
10.000000 0.000000 2.356667
10.000000 0.000000 2.368333
10.000000 0.000000 2.380000
10.000000 0.000000 2.391667
10.000000 0.000000 2.403333
10.000000 0.000000 2.415000
10.000000 0.000000 2.426667
10.000000 0.000000 2.438333
10.000000 0.000000 2.450000
10.000000 0.000000 2.461667
10.000000 0.000000 2.473333
10.000000 0.000000 2.485000
10.000000 0.000000 2.496667
10.000000 0.000000 2.508333
10.000000 0.000000 2.520000
10.000000 0.000000 2.531667
10.000000 0.000000 2.543333
10.000000 0.000000 2.555000
10.000000 0.000000 2.566667
10.000000 0.000000 2.578333
10.000000 0.000000 2.590000
10.000000 0.000000 2.601667
10.000000 0.000000 2.613333
10.000000 0.000000 2.625000
10.000000 0.000000 2.636667
10.000000 0.000000 2.648333
10.000000 0.000000 2.660000
10.000000 0.000000 2.671667
10.000000 0.000000 2.683333
10.000000 0.000000 2.695000
10.000000 0.000000 2.706667
10.000000 0.000000 2.718333
10.000000 0.000000 2.730000
10.000000 0.000000 2.741667
10.000000 0.000000 2.753333
10.000000 0.000000 2.765000
10.000000 0.000000 2.776667
10.000000 0.000000 2.788333
10.000000 0.000000 2.800000
10.000000 0.000000 2.811667
10.000000 0.000000 2.823333
10.000000 0.000000 2.835000
10.000000 0.000000 2.846667
10.000000 0.000000 2.858333
10.000000 0.000000 2.870000
10.000000 0.000000 2.881667
10.000000 0.000000 2.893333
10.000000 0.000000 2.905000
10.000000 0.000000 2.916667
10.000000 0.000000 2.928333
10.000000 0.000000 2.940000
10.000000 0.000000 2.951667
10.000000 0.000000 2.963333
10.000000 0.000000 2.975000
10.000000 0.000000 2.986667
10.000000 0.000000 2.998333
10.000000 0.000000 3.010000
10.000000 0.000000 3.021667
10.000000 0.000000 3.033333
10.000000 0.000000 3.045000
10.000000 0.000000 3.056667
10.000000 0.000000 3.068333
10.000000 0.000000 3.080000
10.000000 0.000000 3.091667
10.000000 0.000000 3.103333
10.000000 0.000000 3.115000
10.000000 0.000000 3.126667
10.000000 0.000000 3.138333
10.000000 0.000000 3.150000
10.000000 0.000000 3.161667
10.000000 0.000000 3.173333
10.000000 0.000000 3.185000
10.000000 0.000000 3.196667
10.000000 0.000000 3.208333
10.000000 0.000000 3.220000
10.000000 0.000000 3.231667
10.000000 0.000000 3.243333
10.000000 0.000000 3.255000
10.000000 0.000000 3.266667
10.000000 0.000000 3.278333
10.000000 0.000000 3.290000
10.000000 0.000000 3.301667
10.000000 0.000000 3.313333
10.000000 0.000000 3.325000
10.000000 0.000000 3.336667
10.000000 0.000000 3.348333
10.000000 0.000000 3.360000
10.000000 0.000000 3.371667
10.000000 0.000000 3.383333
10.000000 0.000000 3.395000
10.000000 0.000000 3.406667
10.000000 0.000000 3.418333
10.000000 0.000000 3.430000
10.000000 0.000000 3.441667
10.000000 0.000000 3.453333
10.000000 0.000000 3.465000
10.000000 0.000000 3.476667
10.000000 0.000000 3.488333
10.000000 0.000000 3.500000
10.167539 0.167503 3.500000
10.335005 0.334711 3.500000
10.502324 0.501333 3.500000
10.669423 0.667075 3.500000
10.836228 0.831647 3.500000
11.002666 0.994760 3.500000
11.168664 1.156127 3.500000
11.334150 1.315467 3.500000
11.499051 1.472498 3.500000
11.663294 1.626947 3.500000
11.826807 1.778541 3.500000
11.989519 1.927015 3.500000
12.151359 2.072108 3.500000
12.312254 2.213566 3.500000
12.472136 2.351141 3.500000
12.630933 2.484591 3.500000
12.788576 2.613682 3.500000
12.944996 2.738188 3.500000
13.100125 2.857891 3.500000
13.253893 2.972579 3.500000
13.406234 3.082053 3.500000
13.557081 3.186120 3.500000
13.706368 3.284597 3.500000
13.854029 3.377312 3.500000
14.000000 3.464102 3.500000
14.144216 3.544814 3.500000
14.286614 3.619308 3.500000
14.427132 3.687453 3.500000
14.565709 3.749128 3.500000
14.702282 3.804226 3.500000
14.836793 3.852650 3.500000
14.969182 3.894316 3.500000
15.099392 3.929149 3.500000
15.227365 3.957089 3.500000
15.353045 3.978088 3.500000
15.476377 3.992107 3.500000
15.597307 3.999123 3.500000
15.715781 3.999123 3.500000
15.831749 3.992107 3.500000
15.945159 3.978088 3.500000
16.055960 3.957089 3.500000
16.164106 3.929149 3.500000
16.269548 3.894316 3.500000
16.372239 3.852650 3.500000
16.472136 3.804226 3.500000
16.569194 3.749128 3.500000
16.663370 3.687453 3.500000
16.754623 3.619308 3.500000
16.842914 3.544814 3.500000
16.928203 3.464102 3.500000
17.010453 3.377312 3.500000
17.089629 3.284597 3.500000
17.165694 3.186120 3.500000
17.238616 3.082053 3.500000
17.308364 2.972579 3.500000
17.374905 2.857891 3.500000
17.438212 2.738188 3.500000
17.498256 2.613682 3.500000
17.555011 2.484591 3.500000
17.608452 2.351141 3.500000
17.658556 2.213566 3.500000
17.705301 2.072108 3.500000
17.748665 1.927015 3.500000
17.788631 1.778541 3.500000
17.825181 1.626947 3.500000
17.858298 1.472498 3.500000
17.887968 1.315467 3.500000
17.914179 1.156127 3.500000
17.936918 0.994760 3.500000
17.956175 0.831647 3.500000
17.971943 0.667075 3.500000
17.984214 0.501333 3.500000
17.992983 0.334711 3.500000
17.998245 0.167503 3.500000
18.000000 0.000000 3.500000
17.998245 -0.167503 3.500000
17.992983 -0.334711 3.500000
17.984214 -0.501333 3.500000
17.971943 -0.667075 3.500000
17.956175 -0.831647 3.500000
17.936918 -0.994760 3.500000
17.914179 -1.156127 3.500000
17.887968 -1.315467 3.500000
17.858298 -1.472498 3.500000
17.825181 -1.626947 3.500000
17.788631 -1.778541 3.500000
17.748665 -1.927015 3.500000
17.705301 -2.072108 3.500000
17.658556 -2.213566 3.500000
17.608452 -2.351141 3.500000
17.555011 -2.484591 3.500000
17.498256 -2.613682 3.500000
17.438212 -2.738188 3.500000
17.374905 -2.857891 3.500000
17.308364 -2.972579 3.500000
17.238616 -3.082053 3.500000
17.165694 -3.186120 3.500000
17.089629 -3.284597 3.500000
17.010453 -3.377312 3.500000
16.928203 -3.464102 3.500000
16.842914 -3.544814 3.500000
16.754623 -3.619308 3.500000
16.663370 -3.687453 3.500000
16.569194 -3.749128 3.500000
16.472136 -3.804226 3.500000
16.372239 -3.852650 3.500000
16.269548 -3.894316 3.500000
16.164106 -3.929149 3.500000
16.055960 -3.957089 3.500000
15.945159 -3.978088 3.500000
15.831749 -3.992107 3.500000
15.715781 -3.999123 3.500000
15.597307 -3.999123 3.500000
15.476377 -3.992107 3.500000
15.353045 -3.978088 3.500000
15.227365 -3.957089 3.500000
15.099392 -3.929149 3.500000
14.969182 -3.894316 3.500000
14.836793 -3.852650 3.500000
14.702282 -3.804226 3.500000
14.565709 -3.749128 3.500000
14.427132 -3.687453 3.500000
14.286614 -3.619308 3.500000
14.144216 -3.544814 3.500000
14.000000 -3.464102 3.500000
13.854029 -3.377312 3.500000
13.706368 -3.284597 3.500000
13.557081 -3.186120 3.500000
13.406234 -3.082053 3.500000
13.253893 -2.972579 3.500000
13.100125 -2.857891 3.500000
12.944996 -2.738188 3.500000
12.788576 -2.613682 3.500000
12.630933 -2.484591 3.500000
12.472136 -2.351141 3.500000
12.312254 -2.213566 3.500000
12.151359 -2.072108 3.500000
11.989519 -1.927015 3.500000
11.826807 -1.778541 3.500000
11.663294 -1.626947 3.500000
11.499051 -1.472498 3.500000
11.334150 -1.315467 3.500000
11.168664 -1.156127 3.500000
11.002666 -0.994760 3.500000
10.836228 -0.831647 3.500000
10.669423 -0.667075 3.500000
10.502324 -0.501333 3.500000
10.335005 -0.334711 3.500000
10.167539 -0.167503 3.500000
10.000000 -0.000000 3.500000
9.832461 0.167503 3.500000
9.664995 0.334711 3.500000
9.497676 0.501333 3.500000
9.330577 0.667075 3.500000
9.163772 0.831647 3.500000
8.997334 0.994760 3.500000
8.831336 1.156127 3.500000
8.665850 1.315467 3.500000
8.500949 1.472498 3.500000
8.336706 1.626947 3.500000
8.173193 1.778541 3.500000
8.010481 1.927015 3.500000
7.848641 2.072108 3.500000
7.687746 2.213566 3.500000
7.527864 2.351141 3.500000
7.369067 2.484591 3.500000
7.211424 2.613682 3.500000
7.055004 2.738188 3.500000
6.899875 2.857891 3.500000
6.746107 2.972579 3.500000
6.593766 3.082053 3.500000
6.442919 3.186120 3.500000
6.293632 3.284597 3.500000
6.145971 3.377312 3.500000
6.000000 3.464102 3.500000
5.855784 3.544814 3.500000
5.713386 3.619308 3.500000
5.572868 3.687453 3.500000
5.434291 3.749128 3.500000
5.297718 3.804226 3.500000
5.163207 3.852650 3.500000
5.030818 3.894316 3.500000
4.900608 3.929149 3.500000
4.772635 3.957089 3.500000
4.646955 3.978088 3.500000
4.523623 3.992107 3.500000
4.402693 3.999123 3.500000
4.284219 3.999123 3.500000
4.168251 3.992107 3.500000
4.054841 3.978088 3.500000
3.944040 3.957089 3.500000
3.835894 3.929149 3.500000
3.730452 3.894316 3.500000
3.627761 3.852650 3.500000
3.527864 3.804226 3.500000
3.430806 3.749128 3.500000
3.336630 3.687453 3.500000
3.245377 3.619308 3.500000
3.157086 3.544814 3.500000
3.071797 3.464102 3.500000
2.989547 3.377312 3.500000
2.910371 3.284597 3.500000
2.834306 3.186120 3.500000
2.761384 3.082053 3.500000
2.691636 2.972579 3.500000
2.625095 2.857891 3.500000
2.561788 2.738188 3.500000
2.501744 2.613682 3.500000
2.444989 2.484591 3.500000
2.391548 2.351141 3.500000
2.341444 2.213566 3.500000
2.294699 2.072108 3.500000
2.251335 1.927015 3.500000
2.211369 1.778541 3.500000
2.174819 1.626947 3.500000
2.141702 1.472498 3.500000
2.112032 1.315467 3.500000
2.085821 1.156127 3.500000
2.063082 0.994760 3.500000
2.043825 0.831647 3.500000
2.028057 0.667075 3.500000
2.015786 0.501333 3.500000
2.007017 0.334711 3.500000
2.001755 0.167503 3.500000
2.000000 0.000000 3.500000
2.001755 -0.167503 3.500000
2.007017 -0.334711 3.500000
2.015786 -0.501333 3.500000
2.028057 -0.667075 3.500000
2.043825 -0.831647 3.500000
2.063082 -0.994760 3.500000
2.085821 -1.156127 3.500000
2.112032 -1.315467 3.500000
2.141702 -1.472498 3.500000
2.174819 -1.626947 3.500000
2.211369 -1.778541 3.500000
2.251335 -1.927015 3.500000
2.294699 -2.072108 3.500000
2.341444 -2.213566 3.500000
2.391548 -2.351141 3.500000
2.444989 -2.484591 3.500000
2.501744 -2.613682 3.500000
2.561788 -2.738188 3.500000
2.625095 -2.857891 3.500000
2.691636 -2.972579 3.500000
2.761384 -3.082053 3.500000
2.834306 -3.186120 3.500000
2.910371 -3.284597 3.500000
2.989547 -3.377312 3.500000
3.071797 -3.464102 3.500000
3.157086 -3.544814 3.500000
3.245377 -3.619308 3.500000
3.336630 -3.687453 3.500000
3.430806 -3.749128 3.500000
3.527864 -3.804226 3.500000
3.627761 -3.852650 3.500000
3.730452 -3.894316 3.500000
3.835894 -3.929149 3.500000
3.944040 -3.957089 3.500000
4.054841 -3.978088 3.500000
4.168251 -3.992107 3.500000
4.284219 -3.999123 3.500000
4.402693 -3.999123 3.500000
4.523623 -3.992107 3.500000
4.646955 -3.978088 3.500000
4.772635 -3.957089 3.500000
4.900608 -3.929149 3.500000
5.030818 -3.894316 3.500000
5.163207 -3.852650 3.500000
5.297718 -3.804226 3.500000
5.434291 -3.749128 3.500000
5.572868 -3.687453 3.500000
5.713386 -3.619308 3.500000
5.855784 -3.544814 3.500000
6.000000 -3.464102 3.500000
6.145971 -3.377312 3.500000
6.293632 -3.284597 3.500000
6.442919 -3.186120 3.500000
6.593766 -3.082053 3.500000
6.746107 -2.972579 3.500000
6.899875 -2.857891 3.500000
7.055004 -2.738188 3.500000
7.211424 -2.613682 3.500000
7.369067 -2.484591 3.500000
7.527864 -2.351141 3.500000
7.687746 -2.213566 3.500000
7.848641 -2.072108 3.500000
8.010481 -1.927015 3.500000
8.173193 -1.778541 3.500000
8.336706 -1.626947 3.500000
8.500949 -1.472498 3.500000
8.665850 -1.315467 3.500000
8.831336 -1.156127 3.500000
8.997334 -0.994760 3.500000
9.163772 -0.831647 3.500000
9.330577 -0.667075 3.500000
9.497676 -0.501333 3.500000
9.664995 -0.334711 3.500000
9.832461 -0.167503 3.500000
10.000000 0.000000 3.500000
10.000000 0.000000 3.511667
10.000000 0.000000 3.523333
10.000000 0.000000 3.535000
10.000000 0.000000 3.546667
10.000000 0.000000 3.558333
10.000000 0.000000 3.570000
10.000000 0.000000 3.581667
10.000000 0.000000 3.593333
10.000000 0.000000 3.605000
10.000000 0.000000 3.616667
10.000000 0.000000 3.628333
10.000000 0.000000 3.640000
10.000000 0.000000 3.651667
10.000000 0.000000 3.663333
10.000000 0.000000 3.675000
10.000000 0.000000 3.686667
10.000000 0.000000 3.698333
10.000000 0.000000 3.710000
10.000000 0.000000 3.721667
10.000000 0.000000 3.733333
10.000000 0.000000 3.745000
10.000000 0.000000 3.756667
10.000000 0.000000 3.768333
10.000000 0.000000 3.780000
10.000000 0.000000 3.791667
10.000000 0.000000 3.803333
10.000000 0.000000 3.815000
10.000000 0.000000 3.826667
10.000000 0.000000 3.838333
10.000000 0.000000 3.850000
10.000000 0.000000 3.861667
10.000000 0.000000 3.873333
10.000000 0.000000 3.885000
10.000000 0.000000 3.896667
10.000000 0.000000 3.908333
10.000000 0.000000 3.920000
10.000000 0.000000 3.931667
10.000000 0.000000 3.943333
10.000000 0.000000 3.955000
10.000000 0.000000 3.966667
10.000000 0.000000 3.978333
10.000000 0.000000 3.990000
10.000000 0.000000 4.001667
10.000000 0.000000 4.013333
10.000000 0.000000 4.025000
10.000000 0.000000 4.036667
10.000000 0.000000 4.048333
10.000000 0.000000 4.060000
10.000000 0.000000 4.071667
10.000000 0.000000 4.083333
10.000000 0.000000 4.095000
10.000000 0.000000 4.106667
10.000000 0.000000 4.118333
10.000000 0.000000 4.130000
10.000000 0.000000 4.141667
10.000000 0.000000 4.153333
10.000000 0.000000 4.165000
10.000000 0.000000 4.176667
10.000000 0.000000 4.188333
10.000000 0.000000 4.200000
10.000000 0.000000 4.211667
10.000000 0.000000 4.223333
10.000000 0.000000 4.235000
10.000000 0.000000 4.246667
10.000000 0.000000 4.258333
10.000000 0.000000 4.270000
10.000000 0.000000 4.281667
10.000000 0.000000 4.293333
10.000000 0.000000 4.305000
10.000000 0.000000 4.316667
10.000000 0.000000 4.328333
10.000000 0.000000 4.340000
10.000000 0.000000 4.351667
10.000000 0.000000 4.363333
10.000000 0.000000 4.375000
10.000000 0.000000 4.386667
10.000000 0.000000 4.398333
10.000000 0.000000 4.410000
10.000000 0.000000 4.421667
10.000000 0.000000 4.433333
10.000000 0.000000 4.445000
10.000000 0.000000 4.456667
10.000000 0.000000 4.468333
10.000000 0.000000 4.480000
10.000000 0.000000 4.491667
10.000000 0.000000 4.503333
10.000000 0.000000 4.515000
10.000000 0.000000 4.526667
10.000000 0.000000 4.538333
10.000000 0.000000 4.550000
10.000000 0.000000 4.561667
10.000000 0.000000 4.573333
10.000000 0.000000 4.585000
10.000000 0.000000 4.596667
10.000000 0.000000 4.608333
10.000000 0.000000 4.620000
10.000000 0.000000 4.631667
10.000000 0.000000 4.643333
10.000000 0.000000 4.655000
10.000000 0.000000 4.666667
10.000000 0.000000 4.678333
10.000000 0.000000 4.690000
10.000000 0.000000 4.701667
10.000000 0.000000 4.713333
10.000000 0.000000 4.725000
10.000000 0.000000 4.736667
10.000000 0.000000 4.748333
10.000000 0.000000 4.760000
10.000000 0.000000 4.771667
10.000000 0.000000 4.783333
10.000000 0.000000 4.795000
10.000000 0.000000 4.806667
10.000000 0.000000 4.818333
10.000000 0.000000 4.830000
10.000000 0.000000 4.841667
10.000000 0.000000 4.853333
10.000000 0.000000 4.865000
10.000000 0.000000 4.876667
10.000000 0.000000 4.888333
10.000000 0.000000 4.900000
10.000000 0.000000 4.911667
10.000000 0.000000 4.923333
10.000000 0.000000 4.935000
10.000000 0.000000 4.946667
10.000000 0.000000 4.958333
10.000000 0.000000 4.970000
10.000000 0.000000 4.981667
10.000000 0.000000 4.993333
10.000000 0.000000 5.005000
10.000000 0.000000 5.016667
10.000000 0.000000 5.028333
10.000000 0.000000 5.040000
10.000000 0.000000 5.051667
10.000000 0.000000 5.063333
10.000000 0.000000 5.075000
10.000000 0.000000 5.086667
10.000000 0.000000 5.098333
10.000000 0.000000 5.110000
10.000000 0.000000 5.121667
10.000000 0.000000 5.133333
10.000000 0.000000 5.145000
10.000000 0.000000 5.156667
10.000000 0.000000 5.168333
10.000000 0.000000 5.180000
10.000000 0.000000 5.191667
10.000000 0.000000 5.203333
10.000000 0.000000 5.215000
10.000000 0.000000 5.226667
10.000000 0.000000 5.238333
10.000000 0.000000 5.250000
10.000000 0.000000 5.261667
10.000000 0.000000 5.273333
10.000000 0.000000 5.285000
10.000000 0.000000 5.296667
10.000000 0.000000 5.308333
10.000000 0.000000 5.320000
10.000000 0.000000 5.331667
10.000000 0.000000 5.343333
10.000000 0.000000 5.355000
10.000000 0.000000 5.366667
10.000000 0.000000 5.378333
10.000000 0.000000 5.390000
10.000000 0.000000 5.401667
10.000000 0.000000 5.413333
10.000000 0.000000 5.425000
10.000000 0.000000 5.436667
10.000000 0.000000 5.448333
10.000000 0.000000 5.460000
10.000000 0.000000 5.471667
10.000000 0.000000 5.483333
10.000000 0.000000 5.495000
10.000000 0.000000 5.506667
10.000000 0.000000 5.518333
10.000000 0.000000 5.530000
10.000000 0.000000 5.541667
10.000000 0.000000 5.553333
10.000000 0.000000 5.565000
10.000000 0.000000 5.576667
10.000000 0.000000 5.588333
10.000000 0.000000 5.600000
10.000000 0.000000 5.611667
10.000000 0.000000 5.623333
10.000000 0.000000 5.635000
10.000000 0.000000 5.646667
10.000000 0.000000 5.658333
10.000000 0.000000 5.670000
10.000000 0.000000 5.681667
10.000000 0.000000 5.693333
10.000000 0.000000 5.705000
10.000000 0.000000 5.716667
10.000000 0.000000 5.728333
10.000000 0.000000 5.740000
10.000000 0.000000 5.751667
10.000000 0.000000 5.763333
10.000000 0.000000 5.775000
10.000000 0.000000 5.786667
10.000000 0.000000 5.798333
10.000000 0.000000 5.810000
10.000000 0.000000 5.821667
10.000000 0.000000 5.833333
10.000000 0.000000 5.845000
10.000000 0.000000 5.856667
10.000000 0.000000 5.868333
10.000000 0.000000 5.880000
10.000000 0.000000 5.891667
10.000000 0.000000 5.903333
10.000000 0.000000 5.915000
10.000000 0.000000 5.926667
10.000000 0.000000 5.938333
10.000000 0.000000 5.950000
10.000000 0.000000 5.961667
10.000000 0.000000 5.973333
10.000000 0.000000 5.985000
10.000000 0.000000 5.996667
10.000000 0.000000 6.008333
10.000000 0.000000 6.020000
10.000000 0.000000 6.031667
10.000000 0.000000 6.043333
10.000000 0.000000 6.055000
10.000000 0.000000 6.066667
10.000000 0.000000 6.078333
10.000000 0.000000 6.090000
10.000000 0.000000 6.101667
10.000000 0.000000 6.113333
10.000000 0.000000 6.125000
10.000000 0.000000 6.136667
10.000000 0.000000 6.148333
10.000000 0.000000 6.160000
10.000000 0.000000 6.171667
10.000000 0.000000 6.183333
10.000000 0.000000 6.195000
10.000000 0.000000 6.206667
10.000000 0.000000 6.218333
10.000000 0.000000 6.230000
10.000000 0.000000 6.241667
10.000000 0.000000 6.253333
10.000000 0.000000 6.265000
10.000000 0.000000 6.276667
10.000000 0.000000 6.288333
10.000000 0.000000 6.300000
10.000000 0.000000 6.311667
10.000000 0.000000 6.323333
10.000000 0.000000 6.335000
10.000000 0.000000 6.346667
10.000000 0.000000 6.358333
10.000000 0.000000 6.370000
10.000000 0.000000 6.381667
10.000000 0.000000 6.393333
10.000000 0.000000 6.405000
10.000000 0.000000 6.416667
10.000000 0.000000 6.428333
10.000000 0.000000 6.440000
10.000000 0.000000 6.451667
10.000000 0.000000 6.463333
10.000000 0.000000 6.475000
10.000000 0.000000 6.486667
10.000000 0.000000 6.498333
10.000000 0.000000 6.510000
10.000000 0.000000 6.521667
10.000000 0.000000 6.533333
10.000000 0.000000 6.545000
10.000000 0.000000 6.556667
10.000000 0.000000 6.568333
10.000000 0.000000 6.580000
10.000000 0.000000 6.591667
10.000000 0.000000 6.603333
10.000000 0.000000 6.615000
10.000000 0.000000 6.626667
10.000000 0.000000 6.638333
10.000000 0.000000 6.650000
10.000000 0.000000 6.661667
10.000000 0.000000 6.673333
10.000000 0.000000 6.685000
10.000000 0.000000 6.696667
10.000000 0.000000 6.708333
10.000000 0.000000 6.720000
10.000000 0.000000 6.731667
10.000000 0.000000 6.743333
10.000000 0.000000 6.755000
10.000000 0.000000 6.766667
10.000000 0.000000 6.778333
10.000000 0.000000 6.790000
10.000000 0.000000 6.801667
10.000000 0.000000 6.813333
10.000000 0.000000 6.825000
10.000000 0.000000 6.836667
10.000000 0.000000 6.848333
10.000000 0.000000 6.860000
10.000000 0.000000 6.871667
10.000000 0.000000 6.883333
10.000000 0.000000 6.895000
10.000000 0.000000 6.906667
10.000000 0.000000 6.918333
10.000000 0.000000 6.930000
10.000000 0.000000 6.941667
10.000000 0.000000 6.953333
10.000000 0.000000 6.965000
10.000000 0.000000 6.976667
10.000000 0.000000 6.988333
10.000000 0.000000 7.000000
10.002467 0.047116 7.000000
10.009866 0.094186 7.000000
10.022190 0.141162 7.000000
10.039426 0.188000 7.000000
10.061558 0.234652 7.000000
10.088564 0.281072 7.000000
10.120416 0.327215 7.000000
10.157084 0.373035 7.000000
10.198532 0.418487 7.000000
10.244717 0.463525 7.000000
10.295596 0.508107 7.000000
10.351118 0.552187 7.000000
10.411227 0.595722 7.000000
10.475865 0.638669 7.000000
10.544967 0.680986 7.000000
10.618467 0.722631 7.000000
10.696290 0.763562 7.000000
10.778360 0.803740 7.000000
10.864597 0.843125 7.000000
10.954915 0.881678 7.000000
11.049225 0.919361 7.000000
11.147434 0.956136 7.000000
11.249445 0.991968 7.000000
11.355157 1.026821 7.000000
11.464466 1.060660 7.000000
11.577264 1.093453 7.000000
11.693441 1.125167 7.000000
11.812880 1.155770 7.000000
11.935465 1.185233 7.000000
12.061074 1.213525 7.000000
12.189583 1.240621 7.000000
12.320866 1.266492 7.000000
12.454793 1.291113 7.000000
12.591232 1.314460 7.000000
12.730048 1.336510 7.000000
12.871104 1.357241 7.000000
13.014261 1.376632 7.000000
13.159377 1.394665 7.000000
13.306310 1.411321 7.000000
13.454915 1.426585 7.000000
13.605044 1.440441 7.000000
13.756551 1.452875 7.000000
13.909284 1.463875 7.000000
14.063093 1.473431 7.000000
14.217828 1.481533 7.000000
14.373334 1.488172 7.000000
14.529458 1.493343 7.000000
14.686047 1.497040 7.000000
14.842946 1.499260 7.000000
15.000000 1.500000 7.000000
15.157054 1.499260 7.000000
15.313953 1.497040 7.000000
15.470542 1.493343 7.000000
15.626666 1.488172 7.000000
15.782172 1.481533 7.000000
15.936907 1.473431 7.000000
16.090716 1.463875 7.000000
16.243449 1.452875 7.000000
16.394956 1.440441 7.000000
16.545085 1.426585 7.000000
16.693690 1.411321 7.000000
16.840623 1.394665 7.000000
16.985739 1.376632 7.000000
17.128896 1.357241 7.000000
17.269952 1.336510 7.000000
17.408768 1.314460 7.000000
17.545207 1.291113 7.000000
17.679134 1.266492 7.000000
17.810417 1.240621 7.000000
17.938926 1.213525 7.000000
18.064535 1.185233 7.000000
18.187120 1.155770 7.000000
18.306559 1.125167 7.000000
18.422736 1.093453 7.000000
18.535534 1.060660 7.000000
18.644843 1.026821 7.000000
18.750555 0.991968 7.000000
18.852566 0.956136 7.000000
18.950775 0.919361 7.000000
19.045085 0.881678 7.000000
19.135403 0.843125 7.000000
19.221640 0.803740 7.000000
19.303710 0.763562 7.000000
19.381533 0.722631 7.000000
19.455033 0.680986 7.000000
19.524135 0.638669 7.000000
19.588773 0.595722 7.000000
19.648882 0.552187 7.000000
19.704404 0.508107 7.000000
19.755283 0.463525 7.000000
19.801468 0.418487 7.000000
19.842916 0.373035 7.000000
19.879584 0.327215 7.000000
19.911436 0.281072 7.000000
19.938442 0.234652 7.000000
19.960574 0.188000 7.000000
19.977810 0.141162 7.000000
19.990134 0.094186 7.000000
19.997533 0.047116 7.000000
20.000000 0.000000 7.000000
19.997533 -0.047116 7.000000
19.990134 -0.094186 7.000000
19.977810 -0.141162 7.000000
19.960574 -0.188000 7.000000
19.938442 -0.234652 7.000000
19.911436 -0.281072 7.000000
19.879584 -0.327215 7.000000
19.842916 -0.373035 7.000000
19.801468 -0.418487 7.000000
19.755283 -0.463525 7.000000
19.704404 -0.508107 7.000000
19.648882 -0.552187 7.000000
19.588773 -0.595722 7.000000
19.524135 -0.638669 7.000000
19.455033 -0.680986 7.000000
19.381533 -0.722631 7.000000
19.303710 -0.763562 7.000000
19.221640 -0.803740 7.000000
19.135403 -0.843125 7.000000
19.045085 -0.881678 7.000000
18.950775 -0.919361 7.000000
18.852566 -0.956136 7.000000
18.750555 -0.991968 7.000000
18.644843 -1.026821 7.000000
18.535534 -1.060660 7.000000
18.422736 -1.093453 7.000000
18.306559 -1.125167 7.000000
18.187120 -1.155770 7.000000
18.064535 -1.185233 7.000000
17.938926 -1.213525 7.000000
17.810417 -1.240621 7.000000
17.679134 -1.266492 7.000000
17.545207 -1.291113 7.000000
17.408768 -1.314460 7.000000
17.269952 -1.336510 7.000000
17.128896 -1.357241 7.000000
16.985739 -1.376632 7.000000
16.840623 -1.394665 7.000000
16.693690 -1.411321 7.000000
16.545085 -1.426585 7.000000
16.394956 -1.440441 7.000000
16.243449 -1.452875 7.000000
16.090716 -1.463875 7.000000
15.936907 -1.473431 7.000000
15.782172 -1.481533 7.000000
15.626666 -1.488172 7.000000
15.470542 -1.493343 7.000000
15.313953 -1.497040 7.000000
15.157054 -1.499260 7.000000
15.000000 -1.500000 7.000000
14.842946 -1.499260 7.000000
14.686047 -1.497040 7.000000
14.529458 -1.493343 7.000000
14.373334 -1.488172 7.000000
14.217828 -1.481533 7.000000
14.063093 -1.473431 7.000000
13.909284 -1.463875 7.000000
13.756551 -1.452875 7.000000
13.605044 -1.440441 7.000000
13.454915 -1.426585 7.000000
13.306310 -1.411321 7.000000
13.159377 -1.394665 7.000000
13.014261 -1.376632 7.000000
12.871104 -1.357241 7.000000
12.730048 -1.336510 7.000000
12.591232 -1.314460 7.000000
12.454793 -1.291113 7.000000
12.320866 -1.266492 7.000000
12.189583 -1.240621 7.000000
12.061074 -1.213525 7.000000
11.935465 -1.185233 7.000000
11.812880 -1.155770 7.000000
11.693441 -1.125167 7.000000
11.577264 -1.093453 7.000000
11.464466 -1.060660 7.000000
11.355157 -1.026821 7.000000
11.249445 -0.991968 7.000000
11.147434 -0.956136 7.000000
11.049225 -0.919361 7.000000
10.954915 -0.881678 7.000000
10.864597 -0.843125 7.000000
10.778360 -0.803740 7.000000
10.696290 -0.763562 7.000000
10.618467 -0.722631 7.000000
10.544967 -0.680986 7.000000
10.475865 -0.638669 7.000000
10.411227 -0.595722 7.000000
10.351118 -0.552187 7.000000
10.295596 -0.508107 7.000000
10.244717 -0.463525 7.000000
10.198532 -0.418487 7.000000
10.157084 -0.373035 7.000000
10.120416 -0.327215 7.000000
10.088564 -0.281072 7.000000
10.061558 -0.234652 7.000000
10.039426 -0.188000 7.000000
10.022190 -0.141162 7.000000
10.009866 -0.094186 7.000000
10.002467 -0.047116 7.000000
10.000000 0.000000 7.000000
10.002467 0.047116 7.000000
10.009866 0.094186 7.000000
10.022190 0.141162 7.000000
10.039426 0.188000 7.000000
10.061558 0.234652 7.000000
10.088564 0.281072 7.000000
10.120416 0.327215 7.000000
10.157084 0.373035 7.000000
10.198532 0.418487 7.000000
10.244717 0.463525 7.000000
10.295596 0.508107 7.000000
10.351118 0.552187 7.000000
10.411227 0.595722 7.000000
10.475865 0.638669 7.000000
10.544967 0.680986 7.000000
10.618467 0.722631 7.000000
10.696290 0.763562 7.000000
10.778360 0.803740 7.000000
10.864597 0.843125 7.000000
10.954915 0.881678 7.000000
11.049225 0.919361 7.000000
11.147434 0.956136 7.000000
11.249445 0.991968 7.000000
11.355157 1.026821 7.000000
11.464466 1.060660 7.000000
11.577264 1.093453 7.000000
11.693441 1.125167 7.000000
11.812880 1.155770 7.000000
11.935465 1.185233 7.000000
12.061074 1.213525 7.000000
12.189583 1.240621 7.000000
12.320866 1.266492 7.000000
12.454793 1.291113 7.000000
12.591232 1.314460 7.000000
12.730048 1.336510 7.000000
12.871104 1.357241 7.000000
13.014261 1.376632 7.000000
13.159377 1.394665 7.000000
13.306310 1.411321 7.000000
13.454915 1.426585 7.000000
13.605044 1.440441 7.000000
13.756551 1.452875 7.000000
13.909284 1.463875 7.000000
14.063093 1.473431 7.000000
14.217828 1.481533 7.000000
14.373334 1.488172 7.000000
14.529458 1.493343 7.000000
14.686047 1.497040 7.000000
14.842946 1.499260 7.000000
15.000000 1.500000 7.000000
15.157054 1.499260 7.000000
15.313953 1.497040 7.000000
15.470542 1.493343 7.000000
15.626666 1.488172 7.000000
15.782172 1.481533 7.000000
15.936907 1.473431 7.000000
16.090716 1.463875 7.000000
16.243449 1.452875 7.000000
16.394956 1.440441 7.000000
16.545085 1.426585 7.000000
16.693690 1.411321 7.000000
16.840623 1.394665 7.000000
16.985739 1.376632 7.000000
17.128896 1.357241 7.000000
17.269952 1.336510 7.000000
17.408768 1.314460 7.000000
17.545207 1.291113 7.000000
17.679134 1.266492 7.000000
17.810417 1.240621 7.000000
17.938926 1.213525 7.000000
18.064535 1.185233 7.000000
18.187120 1.155770 7.000000
18.306559 1.125167 7.000000
18.422736 1.093453 7.000000
18.535534 1.060660 7.000000
18.644843 1.026821 7.000000
18.750555 0.991968 7.000000
18.852566 0.956136 7.000000
18.950775 0.919361 7.000000
19.045085 0.881678 7.000000
19.135403 0.843125 7.000000
19.221640 0.803740 7.000000
19.303710 0.763562 7.000000
19.381533 0.722631 7.000000
19.455033 0.680986 7.000000
19.524135 0.638669 7.000000
19.588773 0.595722 7.000000
19.648882 0.552187 7.000000
19.704404 0.508107 7.000000
19.755283 0.463525 7.000000
19.801468 0.418487 7.000000
19.842916 0.373035 7.000000
19.879584 0.327215 7.000000
19.911436 0.281072 7.000000
19.938442 0.234652 7.000000
19.960574 0.188000 7.000000
19.977810 0.141162 7.000000
19.990134 0.094186 7.000000
19.997533 0.047116 7.000000
