# mx (microTesla), my (microTesla), mz (microTesla)
1.894578 19.999726 -39.955244
0.435148 16.110032 -41.716634
-2.080807 17.611295 -41.054994
-2.195011 22.305396 -38.699499
-0.251515 23.690647 -37.930067
0.953756 19.972591 -40.002325
-0.611158 16.071836 -41.729157
-3.125750 17.562056 -41.009802
-3.239641 22.245227 -38.660763
-1.295939 23.619751 -37.952969
-0.088790 19.890438 -40.054495
-1.654103 15.979178 -41.736433
-4.166551 17.458240 -40.961564
-4.279817 22.130525 -38.625420
-2.335124 23.494527 -37.980974
-1.125612 19.753767 -40.106380
-2.690827 15.832310 -41.738440
-5.200358 17.300131 -40.910411
-5.312689 21.961605 -38.593565
-3.366223 23.315318 -38.014004
-2.153870 19.562952 -40.157835
-3.718490 15.631636 -41.735175
-6.224338 17.088164 -40.856484
-6.335425 21.738931 -38.565286
-4.386409 23.082614 -38.051969
-3.170745 19.318517 -40.208722
-4.734275 15.377704 -41.726644
-7.235683 16.822919 -40.799930
-7.345222 21.463112 -38.540661
-5.392886 22.797053 -38.094765
-4.173449 19.021130 -40.258899
-5.735397 15.071213 -41.712873
-8.231621 16.505122 -40.740905
-8.339312 21.134906 -38.519757
-6.382896 22.459419 -38.142275
-5.159235 18.671609 -40.308229
-6.719113 14.713000 -41.693898
-9.209424 16.135645 -40.679571
-9.314971 20.755210 -38.502631
-7.353724 22.070637 -38.194368
-6.125400 18.270909 -40.356578
-7.682725 14.304049 -41.669772
-10.166410 15.715502 -40.616094
-10.269524 20.325067 -38.489330
-8.302709 21.631772 -38.250901
-7.069296 17.820130 -40.403812
-8.623594 13.845480 -41.640561
-11.099956 15.245842 -40.550651
-11.200355 19.845654 -38.479892
-9.227251 21.144027 -38.311721
-7.988336 17.320508 -40.449802
-9.539139 13.338551 -41.606344
-12.007505 14.727954 -40.483419
-12.104913 19.318287 -38.474340
-10.124816 20.608740 -38.376659
-8.880001 16.773411 -40.494423
-10.426852 12.784649 -41.567217
-12.886568 14.163257 -40.414583
-12.980719 18.744410 -38.472692
-10.992943 20.027376 -38.445538
-9.741847 16.180340 -40.537551
-11.284300 12.185295 -41.523285
-13.734735 13.553299 -40.344332
-13.825371 18.125596 -38.474951
-11.829253 19.401531 -38.518170
-10.571511 15.542919 -40.579069
-12.109132 11.542130 -41.474669
-14.549683 12.899752 -40.272858
-14.636554 17.463543 -38.481112
-12.631453 18.732918 -38.594354
-11.366721 14.862897 -40.618862
-12.899087 10.856918 -41.421503
-15.329177 12.204407 -40.200358
-15.412046 16.760063 -38.491156
-13.397345 18.023371 -38.673883
-12.125295 14.142136 -40.656823
-13.652001 10.131536 -41.363932
-16.071081 11.469170 -40.127030
-16.149721 16.017086 -38.505058
-14.124830 17.274835 -38.756538
-12.845155 13.382612 -40.692846
-14.365809 9.367972 -41.302114
-16.773361 10.696056 -40.053074
-16.847556 15.236648 -38.522778
-14.811913 16.489361 -38.842093
-13.524328 12.586408 -40.726833
-15.038555 8.568321 -41.236219
-17.434093 9.887184 -39.978694
-17.503640 14.420887 -38.544268
-15.456712 15.669103 -38.930313
-14.160952 11.755705 -40.758690
-15.668395 7.734773 -41.166427
-18.051465 9.044772 -39.904094
-18.116173 13.572041 -38.569469
-16.057459 14.816308 -39.020957
-14.753282 10.892781 -40.788332
-16.253603 6.869613 -41.092929
-18.623785 8.171128 -39.829478
-18.683478 12.692435 -38.598313
-16.612506 13.933314 -39.113775
-15.299695 10.000000 -40.815675
-16.792575 5.975212 -41.015927
-19.149485 7.268647 -39.755050
-19.203998 11.784481 -38.630719
-17.120334 13.022540 -39.208514
-15.798693 9.079810 -40.840646
-17.283833 5.054023 -40.935632
-19.627124 6.339802 -39.681015
-19.676307 10.850667 -38.666600
-17.579550 12.086485 -39.304914
-16.248909 8.134733 -40.863175
-17.726031 4.108569 -40.852264
-20.055392 5.387140 -39.607575
-20.099111 9.893553 -38.705857
-17.988896 11.127713 -39.402711
-16.649107 7.167359 -40.883202
-18.117957 3.141442 -40.766052
-20.433116 4.413271 -39.534932
-20.471251 8.915762 -38.748382
-18.347249 10.148852 -39.501636
-16.998192 6.180340 -40.900671
-18.458537 2.155294 -40.677231
-20.759260 3.420866 -39.463284
-20.791707 7.919973 -38.794058
-18.653627 9.152584 -39.601419
-17.295207 5.176381 -40.915534
-18.746837 1.152827 -40.586046
-21.032930 2.412643 -39.392829
-21.059600 6.908918 -38.842762
-18.907190 8.141642 -39.701786
-17.539337 4.158234 -40.927751
-18.982067 0.136788 -40.492745
-21.253377 1.391367 -39.323760
-21.274196 5.885366 -38.894358
-19.107244 7.118796 -39.802462
-17.729913 3.128689 -40.937287
-19.163582 -0.890037 -40.397586
-21.419995 0.359837 -39.256265
-21.434907 4.852123 -38.948706
-19.253240 6.086848 -39.903171
-17.866413 2.090569 -40.944118
-19.290885 -1.924833 -40.300829
-21.532329 -0.679121 -39.190529
-21.541293 3.812022 -39.005656
-19.344778 5.048629 -40.003636
-17.948463 1.046719 -40.948224
-19.363626 -2.964765 -40.202738
-21.590070 -1.722657 -39.126734
-21.593061 2.767912 -39.065053
-19.381607 4.006983 -40.103583
-17.975838 0.000000 -40.949594
-19.381607 -4.006983 -40.103583
-21.593061 -2.767912 -39.065053
-21.590070 1.722657 -39.126734
-19.363626 2.964765 -40.202738
-17.948463 -1.046719 -40.948224
-19.344778 -5.048629 -40.003636
-21.541293 -3.812022 -39.005656
-21.532329 0.679121 -39.190529
-19.290885 1.924833 -40.300829
-17.866413 -2.090569 -40.944118
-19.253240 -6.086848 -39.903171
-21.434907 -4.852123 -38.948706
-21.419995 -0.359837 -39.256265
-19.163582 0.890037 -40.397586
-17.729913 -3.128689 -40.937287
-19.107244 -7.118796 -39.802462
-21.274196 -5.885366 -38.894358
-21.253377 -1.391367 -39.323760
-18.982067 -0.136788 -40.492745
-17.539337 -4.158234 -40.927751
-18.907190 -8.141642 -39.701786
-21.059600 -6.908918 -38.842762
-21.032930 -2.412643 -39.392829
-18.746837 -1.152827 -40.586046
-17.295207 -5.176381 -40.915534
-18.653627 -9.152584 -39.601419
-20.791707 -7.919973 -38.794058
-20.759260 -3.420866 -39.463284
-18.458537 -2.155294 -40.677231
-16.998192 -6.180340 -40.900671
-18.347249 -10.148852 -39.501636
-20.471251 -8.915762 -38.748382
-20.433116 -4.413271 -39.534932
-18.117957 -3.141442 -40.766052
-16.649107 -7.167359 -40.883202
-17.988896 -11.127713 -39.402711
-20.099111 -9.893553 -38.705857
-20.055392 -5.387140 -39.607575
-17.726031 -4.108569 -40.852264
-16.248909 -8.134733 -40.863175
-17.579550 -12.086485 -39.304914
-19.676307 -10.850667 -38.666600
-19.627124 -6.339802 -39.681015
-17.283833 -5.054023 -40.935632
-15.798693 -9.079810 -40.840646
-17.120334 -13.022540 -39.208514
-19.203998 -11.784481 -38.630719
-19.149485 -7.268647 -39.755050
-16.792575 -5.975212 -41.015927
-15.299695 -10.000000 -40.815675
-16.612506 -13.933314 -39.113775
-18.683478 -12.692435 -38.598313
-18.623785 -8.171128 -39.829478
-16.253603 -6.869613 -41.092929
-14.753282 -10.892781 -40.788332
-16.057459 -14.816308 -39.020957
-18.116173 -13.572041 -38.569469
-18.051465 -9.044772 -39.904094
-15.668395 -7.734773 -41.166427
-14.160952 -11.755705 -40.758690
-15.456712 -15.669103 -38.930313
-17.503640 -14.420887 -38.544268
-17.434093 -9.887184 -39.978694
-15.038555 -8.568321 -41.236219
-13.524328 -12.586408 -40.726833
-14.811913 -16.489361 -38.842093
-16.847556 -15.236648 -38.522778
-16.773361 -10.696056 -40.053074
-14.365809 -9.367972 -41.302114
-12.845155 -13.382612 -40.692846
-14.124830 -17.274835 -38.756538
-16.149721 -16.017086 -38.505058
-16.071081 -11.469170 -40.127030
-13.652001 -10.131536 -41.363932
-12.125295 -14.142136 -40.656823
-13.397345 -18.023371 -38.673883
-15.412046 -16.760063 -38.491156
-15.329177 -12.204407 -40.200358
-12.899087 -10.856918 -41.421503
-11.366721 -14.862897 -40.618862
-12.631453 -18.732918 -38.594354
-14.636554 -17.463543 -38.481112
-14.549683 -12.899752 -40.272858
-12.109132 -11.542130 -41.474669
-10.571511 -15.542919 -40.579069
-11.829253 -19.401531 -38.518170
-13.825371 -18.125596 -38.474951
-13.734735 -13.553299 -40.344332
-11.284300 -12.185295 -41.523285
-9.741847 -16.180340 -40.537551
-10.992943 -20.027376 -38.445538
-12.980719 -18.744410 -38.472692
-12.886568 -14.163257 -40.414583
-10.426852 -12.784649 -41.567217
-8.880001 -16.773411 -40.494423
-10.124816 -20.608740 -38.376659
-12.104913 -19.318287 -38.474340
-12.007505 -14.727954 -40.483419
-9.539139 -13.338551 -41.606344
-7.988336 -17.320508 -40.449802
-9.227251 -21.144027 -38.311721
-11.200355 -19.845654 -38.479892
-11.099956 -15.245842 -40.550651
-8.623594 -13.845480 -41.640561
-7.069296 -17.820130 -40.403812
-8.302709 -21.631772 -38.250901
-10.269524 -20.325067 -38.489330
-10.166410 -15.715502 -40.616094
-7.682725 -14.304049 -41.669772
-6.125400 -18.270909 -40.356578
-7.353724 -22.070637 -38.194368
-9.314971 -20.755210 -38.502631
-9.209424 -16.135645 -40.679571
-6.719113 -14.713000 -41.693898
-5.159235 -18.671609 -40.308229
-6.382896 -22.459419 -38.142275
-8.339312 -21.134906 -38.519757
-8.231621 -16.505122 -40.740905
-5.735397 -15.071213 -41.712873
-4.173449 -19.021130 -40.258899
-5.392886 -22.797053 -38.094765
-7.345222 -21.463112 -38.540661
-7.235683 -16.822919 -40.799930
-4.734275 -15.377704 -41.726644
-3.170745 -19.318517 -40.208722
-4.386409 -23.082614 -38.051969
-6.335425 -21.738931 -38.565286
-6.224338 -17.088164 -40.856484
-3.718490 -15.631636 -41.735175
-2.153870 -19.562952 -40.157835
-3.366223 -23.315318 -38.014004
-5.312689 -21.961605 -38.593565
-5.200358 -17.300131 -40.910411
-2.690827 -15.832310 -41.738440
-1.125612 -19.753767 -40.106380
-2.335124 -23.494527 -37.980974
-4.279817 -22.130525 -38.625420
-4.166551 -17.458240 -40.961564
-1.654103 -15.979178 -41.736433
-0.088790 -19.890438 -40.054495
-1.295939 -23.619751 -37.952969
-3.239641 -22.245227 -38.660763
-3.125750 -17.562056 -41.009802
-0.611158 -16.071836 -41.729157
0.953756 -19.972591 -40.002325
-0.251515 -23.690647 -37.930067
-2.195011 -22.305396 -38.699499
-2.080807 -17.611295 -41.054994
0.435148 -16.110032 -41.716634
1.999167 -20.000000 -39.950010
0.795285 -23.707019 -37.912330
-1.148791 -22.310869 -38.741520
-1.034587 -17.605822 -41.097015
1.481948 -16.093659 -41.698896
3.044578 -19.972591 -39.897696
1.841591 -23.668824 -37.899806
-0.103849 -22.261631 -38.786712
0.010043 -17.545652 -41.135751
2.526372 -16.022764 -41.675994
4.087123 -19.890438 -39.845526
2.884536 -23.576165 -37.892531
0.936953 -22.157815 -38.834950
1.050219 -17.430950 -41.171095
3.565557 -15.897540 -41.647989
5.123946 -19.753767 -39.793641
3.921260 -23.429297 -37.890523
1.970760 -21.999706 -38.886103
2.083090 -17.262030 -41.202950
4.596656 -15.718330 -41.614959
6.152204 -19.562952 -39.742185
4.948923 -23.228623 -37.893789
2.994739 -21.787739 -38.940030
3.105826 -17.039356 -41.231228
5.616843 -15.485626 -41.576994
7.169079 -19.318517 -39.691299
5.964708 -22.974692 -37.902319
4.006084 -21.522493 -38.996584
4.115623 -16.763537 -41.255854
6.623320 -15.200066 -41.534198
8.171783 -19.021130 -39.641122
6.965830 -22.668200 -37.916090
5.002023 -21.204697 -39.055609
5.109714 -16.435331 -41.276758
7.613329 -14.862432 -41.486689
9.157568 -18.671609 -39.591792
7.949546 -22.309988 -37.935065
5.979825 -20.835220 -39.116944
6.085373 -16.055635 -41.293884
8.584157 -14.473650 -41.434596
10.123733 -18.270909 -39.543443
8.913158 -21.901037 -37.959191
6.936811 -20.415076 -39.180420
7.039926 -15.625492 -41.307184
9.533142 -14.034785 -41.378062
11.067629 -17.820130 -39.496209
9.854027 -21.442468 -37.988403
7.870358 -19.945417 -39.245864
7.970757 -15.146079 -41.316623
10.457684 -13.547040 -41.317243
11.986669 -17.320508 -39.450219
10.769572 -20.935538 -38.022619
8.777906 -19.427529 -39.313096
8.875315 -14.618712 -41.322174
11.355249 -13.011752 -41.252304
12.878334 -16.773411 -39.405598
11.657285 -20.381637 -38.061747
9.656969 -18.862832 -39.381931
9.751120 -14.044835 -41.323822
12.223376 -12.430389 -41.183425
13.740180 -16.180340 -39.362470
12.514733 -19.782282 -38.105679
10.505137 -18.252874 -39.452182
10.595772 -13.426022 -41.321563
13.059686 -11.804543 -41.110794
14.569845 -15.542919 -39.320952
13.339565 -19.139118 -38.154295
11.320084 -17.599327 -39.523656
11.406956 -12.763968 -41.315403
13.861886 -11.135931 -41.034609
15.365054 -14.862897 -39.281159
14.129520 -18.453905 -38.207461
12.099578 -16.903982 -39.596156
12.182448 -12.060488 -41.305358
14.627778 -10.426384 -40.955080
16.123628 -14.142136 -39.243198
14.882434 -17.728523 -38.265032
12.841482 -16.168745 -39.669485
12.920122 -11.317511 -41.291456
15.355263 -9.677848 -40.872425
16.843489 -13.382612 -39.207175
15.596242 -16.964960 -38.326849
13.543763 -15.395631 -39.743440
13.617958 -10.537073 -41.273736
16.042346 -8.892374 -40.786871
17.522661 -12.586408 -39.173188
16.268988 -16.165308 -38.392745
14.204494 -14.586759 -39.817820
14.274041 -9.721313 -41.252246
16.687145 -8.072115 -40.698650
18.159285 -11.755705 -39.141330
16.898828 -15.331760 -38.462537
14.821867 -13.744347 -39.892420
14.886575 -8.872466 -41.227045
17.287892 -7.219320 -40.608007
18.751616 -10.892781 -39.111689
17.484036 -14.466600 -38.536035
15.394187 -12.870703 -39.967037
15.453879 -7.992861 -41.198201
17.842939 -6.336326 -40.515188
19.298029 -10.000000 -39.084346
18.023008 -13.572200 -38.613036
15.919887 -11.968222 -40.041464
15.974399 -7.084906 -41.165795
18.350767 -5.425553 -40.420449
19.797027 -9.079810 -39.059375
18.514266 -12.651010 -38.693331
16.397525 -11.039377 -40.115500
16.446709 -6.151092 -41.129914
18.809983 -4.489498 -40.324049
20.247242 -8.134733 -39.036846
18.956464 -11.705556 -38.776699
16.825793 -10.086715 -40.188940
16.869513 -5.193978 -41.090658
19.219329 -3.530725 -40.226252
20.647441 -7.167359 -39.016819
19.348390 -10.738430 -38.862912
17.203517 -9.112846 -40.261583
17.241652 -4.216187 -41.048133
19.577682 -2.551864 -40.127327
20.996526 -6.180340 -38.999350
19.688970 -9.752281 -38.951732
17.529661 -8.120440 -40.333230
17.562108 -3.220399 -41.002456
19.884060 -1.555597 -40.027544
21.293540 -5.176381 -38.984487
19.977270 -8.749814 -39.042918
17.803331 -7.112218 -40.403685
17.830001 -2.209343 -40.953753
20.137623 -0.544655 -39.927177
21.537670 -4.158234 -38.972270
20.212500 -7.733776 -39.136218
18.023778 -6.090942 -40.472754
18.044597 -1.185791 -40.902157
20.337677 0.478192 -39.826502
21.728247 -3.128689 -38.962734
20.394015 -6.706951 -39.231377
18.190397 -5.059411 -40.540249
18.205308 -0.152548 -40.847809
20.483673 1.510139 -39.725793
21.864747 -2.090569 -38.955903
20.521318 -5.672154 -39.328135
18.302731 -4.020454 -40.605985
18.311694 0.887553 -40.790858
20.575211 2.548359 -39.625327
21.946797 -1.046719 -38.951797
20.594059 -4.632222 -39.426225
18.360472 -2.976918 -40.669780
18.363463 1.931662 -40.731461
20.612040 3.590005 -39.525380
21.974172 -0.000000 -38.950427
20.612040 -3.590005 -39.525380
18.363463 -1.931662 -40.731461
18.360472 2.976918 -40.669780
20.594059 4.632222 -39.426225
21.946797 1.046719 -38.951797
20.575211 -2.548359 -39.625327
18.311694 -0.887553 -40.790858
18.302731 4.020454 -40.605985
20.521318 5.672154 -39.328135
21.864747 2.090569 -38.955903
20.483673 -1.510139 -39.725793
18.205308 0.152548 -40.847809
18.190397 5.059411 -40.540249
20.394015 6.706951 -39.231377
21.728247 3.128689 -38.962734
20.337677 -0.478192 -39.826502
18.044597 1.185791 -40.902157
18.023778 6.090942 -40.472754
20.212500 7.733776 -39.136218
21.537670 4.158234 -38.972270
20.137623 0.544655 -39.927177
17.830001 2.209343 -40.953753
17.803331 7.112218 -40.403685
19.977270 8.749814 -39.042918
21.293540 5.176381 -38.984487
19.884060 1.555597 -40.027544
17.562108 3.220399 -41.002456
17.529661 8.120440 -40.333230
19.688970 9.752281 -38.951732
20.996526 6.180340 -38.999350
19.577682 2.551864 -40.127327
17.241652 4.216187 -41.048133
17.203517 9.112846 -40.261583
19.348390 10.738430 -38.862912
20.647441 7.167359 -39.016819
19.219329 3.530725 -40.226252
16.869513 5.193978 -41.090658
16.825793 10.086715 -40.188940
18.956464 11.705556 -38.776699
20.247242 8.134733 -39.036846
18.809983 4.489498 -40.324049
16.446709 6.151092 -41.129914
16.397525 11.039377 -40.115500
18.514266 12.651010 -38.693331
19.797027 9.079810 -39.059375
18.350767 5.425553 -40.420449
15.974399 7.084906 -41.165795
15.919887 11.968222 -40.041464
18.023008 13.572200 -38.613036
19.298029 10.000000 -39.084346
17.842939 6.336326 -40.515188
15.453879 7.992861 -41.198201
15.394187 12.870703 -39.967037
17.484036 14.466600 -38.536035
18.751616 10.892781 -39.111689
17.287892 7.219320 -40.608007
14.886575 8.872466 -41.227045
14.821867 13.744347 -39.892420
16.898828 15.331760 -38.462537
18.159285 11.755705 -39.141330
16.687145 8.072115 -40.698650
14.274041 9.721313 -41.252246
14.204494 14.586759 -39.817820
16.268988 16.165308 -38.392745
17.522661 12.586408 -39.173188
16.042346 8.892374 -40.786871
13.617958 10.537073 -41.273736
13.543763 15.395631 -39.743440
15.596242 16.964960 -38.326849
16.843489 13.382612 -39.207175
15.355263 9.677848 -40.872425
12.920122 11.317511 -41.291456
12.841482 16.168745 -39.669485
14.882434 17.728523 -38.265032
16.123628 14.142136 -39.243198
14.627778 10.426384 -40.955080
12.182448 12.060488 -41.305358
12.099578 16.903982 -39.596156
14.129520 18.453905 -38.207461
15.365054 14.862897 -39.281159
13.861886 11.135931 -41.034609
11.406956 12.763968 -41.315403
11.320084 17.599327 -39.523656
13.339565 19.139118 -38.154295
14.569845 15.542919 -39.320952
13.059686 11.804543 -41.110794
10.595772 13.426022 -41.321563
10.505137 18.252874 -39.452182
12.514733 19.782282 -38.105679
13.740180 16.180340 -39.362470
12.223376 12.430389 -41.183425
9.751120 14.044835 -41.323822
9.656969 18.862832 -39.381931
11.657285 20.381637 -38.061747
12.878334 16.773411 -39.405598
11.355249 13.011752 -41.252304
8.875315 14.618712 -41.322174
8.777906 19.427529 -39.313096
10.769572 20.935538 -38.022619
11.986669 17.320508 -39.450219
10.457684 13.547040 -41.317243
7.970757 15.146079 -41.316623
7.870358 19.945417 -39.245864
9.854027 21.442468 -37.988403
11.067629 17.820130 -39.496209
9.533142 14.034785 -41.378062
7.039926 15.625492 -41.307184
6.936811 20.415076 -39.180420
8.913158 21.901037 -37.959191
10.123733 18.270909 -39.543443
8.584157 14.473650 -41.434596
6.085373 16.055635 -41.293884
5.979825 20.835220 -39.116944
7.949546 22.309988 -37.935065
9.157568 18.671609 -39.591792
7.613329 14.862432 -41.486689
5.109714 16.435331 -41.276758
5.002023 21.204697 -39.055609
6.965830 22.668200 -37.916090
8.171783 19.021130 -39.641122
6.623320 15.200066 -41.534198
4.115623 16.763537 -41.255854
4.006084 21.522493 -38.996584
5.964708 22.974692 -37.902319
7.169079 19.318517 -39.691299
5.616843 15.485626 -41.576994
3.105826 17.039356 -41.231228
2.994739 21.787739 -38.940030
4.948923 23.228623 -37.893789
6.152204 19.562952 -39.742185
4.596656 15.718330 -41.614959
2.083090 17.262030 -41.202950
1.970760 21.999706 -38.886103
3.921260 23.429297 -37.890523
5.123946 19.753767 -39.793641
3.565557 15.897540 -41.647989
1.050219 17.430950 -41.171095
0.936953 22.157815 -38.834950
2.884536 23.576165 -37.892531
4.087123 19.890438 -39.845526
2.526372 16.022764 -41.675994
0.010043 17.545652 -41.135751
-0.103849 22.261631 -38.786712
1.841591 23.668824 -37.899806
3.044578 19.972591 -39.897696
1.481948 16.093659 -41.698896
-1.034587 17.605822 -41.097015
-1.148791 22.310869 -38.741520
0.795285 23.707019 -37.912330
2.103755 19.999726 -39.944777
0.801277 16.110512 -41.711022
-1.453728 17.614586 -41.080568
-1.306737 22.313551 -38.734970
0.898618 23.705676 -37.910861
2.363501 19.996673 -39.931779
1.061303 16.106800 -41.706650
-1.193879 17.610188 -41.090826
-1.046923 22.308478 -38.745784
1.158621 23.699944 -37.907391
2.623185 19.990238 -39.918783
1.321253 16.099721 -41.701958
-0.934100 17.602414 -41.100882
-0.787205 22.300029 -38.756793
1.418531 23.690846 -37.904242
2.882764 19.980423 -39.905794
1.581083 16.089277 -41.696946
-0.674438 17.591266 -41.110734
-0.527626 22.288207 -38.767995
1.678306 23.678384 -37.901417
3.142193 19.967229 -39.892811
1.840751 16.075470 -41.691617
-0.414934 17.576746 -41.120382
-0.268232 22.273012 -38.779389
1.937901 23.662560 -37.898916
3.401429 19.950658 -39.879839
2.100211 16.058302 -41.685970
-0.155633 17.558856 -41.129823
-0.009065 22.254449 -38.790971
2.197272 23.643376 -37.896738
3.660428 19.930712 -39.866878
2.359420 16.037775 -41.680006
0.103421 17.537599 -41.139056
0.249830 22.232519 -38.802741
2.456376 23.620837 -37.894885
3.919146 19.907397 -39.853931
2.618334 16.013895 -41.673727
0.362185 17.512979 -41.148079
0.508410 22.207226 -38.814696
2.715168 23.594945 -37.893356
4.177539 19.880715 -39.841001
2.876909 15.986663 -41.667133
0.620614 17.484999 -41.156890
0.766631 22.178576 -38.826834
2.973605 23.565705 -37.892152
4.435564 19.850670 -39.828089
3.135102 15.956086 -41.660226
0.878666 17.453666 -41.165489
1.024449 22.146572 -38.839154
3.231644 23.533123 -37.891274
4.693177 19.817269 -39.815198
3.392868 15.922167 -41.653007
1.136295 17.418983 -41.173874
1.281820 22.111220 -38.851652
3.489240 23.497203 -37.890720
4.950334 19.780516 -39.802329
3.650165 15.884914 -41.645478
1.393459 17.380957 -41.182042
1.538702 22.072526 -38.864328
3.746349 23.457951 -37.890492
5.206992 19.740418 -39.789485
3.906949 15.844332 -41.637638
1.650115 17.339594 -41.189994
1.795051 22.030497 -38.877178
4.002930 23.415375 -37.890589
5.463107 19.696981 -39.776669
4.163176 15.800428 -41.629490
1.906218 17.294902 -41.197727
2.050823 21.985139 -38.890202
4.258937 23.369482 -37.891012
5.718637 19.650214 -39.763882
4.418802 15.753209 -41.621035
2.161726 17.246887 -41.205240
2.305975 21.936461 -38.903395
4.514328 23.320278 -37.891760
5.973538 19.600123 -39.751126
4.673786 15.702685 -41.612275
2.416596 17.195558 -41.212533
2.560464 21.884470 -38.916757
4.769060 23.267773 -37.892833
6.227766 19.546718 -39.738404
4.928083 15.648862 -41.603211
2.670783 17.140924 -41.219603
2.814247 21.829176 -38.930285
5.023089 23.211976 -37.894231
6.481280 19.490007 -39.725718
5.181651 15.591750 -41.593844
2.924246 17.082994 -41.226449
3.067280 21.770588 -38.943977
5.276373 23.152896 -37.895954
6.734035 19.429999 -39.713069
5.434447 15.531359 -41.584176
3.176941 17.021777 -41.233071
3.319522 21.708715 -38.957829
5.528869 23.090542 -37.898001
6.985990 19.366706 -39.700461
5.686428 15.467699 -41.574209
3.428826 16.957284 -41.239467
3.570930 21.643568 -38.971841
5.780533 23.024926 -37.900372
7.237102 19.300138 -39.687895
5.937551 15.400781 -41.563944
3.679858 16.889526 -41.245637
3.821460 21.575158 -38.986010
6.031324 22.956058 -37.903067
7.487327 19.230306 -39.675373
6.187774 15.330616 -41.553383
3.929994 16.818514 -41.251578
4.071072 21.503497 -39.000333
6.281199 22.883951 -37.906086
7.736625 19.157222 -39.662898
6.437054 15.257216 -41.542529
4.179193 16.744261 -41.257291
4.319721 21.428597 -39.014808
6.530116 22.808615 -37.909427
7.984952 19.080898 -39.650472
6.685350 15.180593 -41.531382
4.427411 16.666779 -41.262774
4.567367 21.350471 -39.029432
6.778033 22.730065 -37.913090
8.232267 19.001347 -39.638095
6.932619 15.100761 -41.519945
4.674608 16.586080 -41.268026
4.813968 21.269131 -39.044203
7.024907 22.648314 -37.917075
8.478528 18.918582 -39.625772
7.178820 15.017732 -41.508219
4.920742 16.502180 -41.273047
5.059481 21.184591 -39.059119
7.270698 22.563374 -37.921381
8.723693 18.832618 -39.613504
7.423912 14.931522 -41.496207
5.165770 16.415091 -41.277834
5.303865 21.096866 -39.074176
7.515363 22.475261 -37.926006
8.967720 18.743470 -39.601292
7.667851 14.842143 -41.483911
5.409651 16.324828 -41.282389
5.547080 21.005971 -39.089373
7.758860 22.383990 -37.930952
9.210570 18.651151 -39.589139
7.910598 14.749613 -41.471332
5.652345 16.231408 -41.286710
5.789083 20.911921 -39.104707
8.001150 22.289575 -37.936215
9.452199 18.555678 -39.577048
8.152111 14.653946 -41.458473
5.893809 16.134845 -41.290795
6.029834 20.814732 -39.120174
8.242191 22.192034 -37.941797
9.692569 18.457068 -39.565019
8.392350 14.555158 -41.445336
6.134004 16.035156 -41.294646
6.269293 20.714419 -39.135774
8.481942 22.091381 -37.947695
9.931637 18.355336 -39.553056
8.631273 14.453266 -41.431923
6.372888 15.932358 -41.298260
6.507418 20.611002 -39.151502
8.720363 21.987635 -37.953908
10.169364 18.250499 -39.541160
8.868840 14.348287 -41.418237
6.610422 15.826468 -41.301637
6.744169 20.504496 -39.167357
8.957412 21.880813 -37.960437
10.405709 18.142577 -39.529333
9.105012 14.240240 -41.404279
6.846564 15.717504 -41.304777
6.979507 20.394919 -39.183335
9.193051 21.770933 -37.967279
10.640632 18.031586 -39.517577
9.339748 14.129142 -41.390053
7.081275 15.605485 -41.307679
7.213392 20.282291 -39.199434
9.427240 21.658014 -37.974433
10.874094 17.917545 -39.505894
9.573009 14.015012 -41.375560
7.314516 15.490429 -41.310343
7.445783 20.166630 -39.215652
9.659938 21.542074 -37.981899
11.106055 17.800475 -39.494286
9.804755 13.897870 -41.360803
7.546247 15.372357 -41.312768
7.676642 20.047957 -39.231984
9.891106 21.423134 -37.989674
11.336476 17.680394 -39.482756
10.034946 13.777735 -41.345784
7.776428 15.251287 -41.314954
7.905930 19.926290 -39.248430
10.120706 21.301213 -37.997758
11.565318 17.557323 -39.471304
10.263545 13.654627 -41.330507
8.005022 15.127240 -41.316900
8.133608 19.801651 -39.264985
10.348699 21.176332 -38.006150
11.792542 17.431283 -39.459933
10.490512 13.528568 -41.314973
8.231988 15.000238 -41.318606
8.359637 19.674060 -39.281648
10.575045 21.048512 -38.014847
12.018110 17.302295 -39.448645
10.715809 13.399579 -41.299186
8.457289 14.870302 -41.320072
8.583979 19.543539 -39.298414
10.799707 20.917775 -38.023848
12.241983 17.170381 -39.437442
10.939397 13.267681 -41.283147
8.680887 14.737454 -41.321298
8.806597 19.410111 -39.315283
11.022646 20.784143 -38.033152
12.464125 17.035563 -39.426326
11.161240 13.132897 -41.266860
8.902743 14.601715 -41.322283
9.027452 19.273798 -39.332249
11.243826 20.647638 -38.042758
12.684496 16.897864 -39.415298
11.381299 12.995249 -41.250328
9.122821 14.463110 -41.323027
9.246507 19.134622 -39.349312
11.463208 20.508284 -38.052663
12.903061 16.757308 -39.404361
11.599538 12.854762 -41.233552
9.341083 14.321662 -41.323530
9.463726 18.992608 -39.366467
11.680755 20.366104 -38.062866
13.119781 16.613917 -39.393516
11.815919 12.711458 -41.216537
9.557493 14.177395 -41.323792
9.679071 18.847780 -39.383712
11.896431 20.221122 -38.073366
13.334621 16.467717 -39.382765
12.030405 12.565362 -41.199284
9.772012 14.030332 -41.323813
9.892505 18.700161 -39.401045
12.110199 20.073362 -38.084159
13.547544 16.318732 -39.372110
12.242961 12.416499 -41.181797
9.984606 13.880499 -41.323593
10.103994 18.549777 -39.418461
12.322024 19.922851 -38.095246
13.758513 16.166988 -39.361553
12.453551 12.264894 -41.164080
10.195239 13.727922 -41.323132
10.313502 18.396654 -39.435958
12.531868 19.769612 -38.106623
13.967494 16.012509 -39.351095
12.662139 12.110572 -41.146133
10.403874 13.572625 -41.322430
10.520991 18.240817 -39.453534
12.739697 19.613673 -38.118289
14.174451 15.855322 -39.340738
12.868689 11.953559 -41.127962
10.610477 13.414636 -41.321487
10.726429 18.082292 -39.471185
12.945476 19.455059 -38.130242
14.379349 15.695454 -39.330485
13.073167 11.793883 -41.109568
10.815012 13.253980 -41.320304
10.929779 17.921107 -39.488908
13.149170 19.293797 -38.142479
14.582154 15.532931 -39.320336
13.275539 11.631570 -41.090956
11.017445 13.090686 -41.318880
11.131008 17.757288 -39.506700
13.350744 19.129915 -38.155000
14.782830 15.367782 -39.310294
13.475769 11.466647 -41.072128
11.217742 12.924781 -41.317216
11.330082 17.590864 -39.524559
13.550164 18.963440 -38.167801
14.981345 15.200033 -39.300360
13.673824 11.299143 -41.053086
11.415869 12.756292 -41.315311
11.526966 17.421862 -39.542481
13.747396 18.794400 -38.180880
15.177664 15.029714 -39.290536
13.869671 11.129085 -41.033836
11.611792 12.585249 -41.313167
11.721627 17.250311 -39.560463
13.942408 18.622824 -38.194236
15.371754 14.856854 -39.280823
14.063277 10.956503 -41.014379
11.805478 12.411680 -41.310784
11.914034 17.076241 -39.578502
14.135166 18.448742 -38.207866
15.563583 14.681481 -39.271224
14.254608 10.781426 -40.994719
11.996894 12.235615 -41.308162
12.104152 16.899680 -39.596595
14.325637 18.272181 -38.221768
15.753117 14.503625 -39.261739
14.443632 10.603883 -40.974860
12.186009 12.057083 -41.305301
12.291951 16.720658 -39.614739
14.513790 18.093173 -38.235938
15.940326 14.323316 -39.252371
14.630318 10.423904 -40.954805
12.372790 11.876115 -41.302203
12.477397 16.539206 -39.632931
14.699592 17.911748 -38.250376
16.125177 14.140585 -39.243121
14.782607 10.273553 -40.938107
12.502377 11.747757 -41.299888
12.592720 16.423946 -39.644387
14.811241 17.800430 -38.259271
16.241915 14.022701 -39.237279
14.946370 10.108207 -40.919802
12.714269 11.532743 -41.295801
12.851450 16.158327 -39.670502
15.119861 17.483347 -38.284754
16.598966 13.649618 -39.219411
15.353280 9.679998 -40.872661
13.173607 11.043435 -41.285574
13.360159 15.605735 -39.723635
15.684028 16.865324 -38.334999
17.215422 12.957074 -39.188563
16.024230 8.914184 -40.789231
13.903122 10.193182 -41.265025
14.142220 14.666795 -39.810586
16.528026 15.833404 -38.420407
18.115095 11.816365 -39.143542
16.981577 7.666025 -40.655358
14.923227 8.818583 -41.225355
15.213083 13.158136 -39.942779
17.661877 14.183025 -38.560341
19.298977 9.998355 -39.084298
18.214031 5.682098 -40.447038
16.207849 6.638481 -41.148951
16.524616 10.770289 -40.136491
19.012149 11.576637 -38.788138
20.659786 7.135076 -39.016201
19.571954 2.568857 -40.129037
17.558024 3.234309 -41.003110
17.814355 7.066708 -40.406811
20.245154 7.570202 -39.151319
21.779544 2.785117 -38.960167
20.541604 -2.090256 -39.669552
18.358873 -1.764945 -40.741094
18.358477 1.752577 -40.741806
20.531947 1.980301 -39.680191
21.734920 -3.086208 -38.962400
20.124858 -8.141477 -39.098676
17.571331 -7.979567 -40.343213
17.125635 -4.537950 -41.062387
18.899505 -4.291340 -40.303761
19.680511 -9.305223 -39.065206
17.667166 -14.174428 -38.561079
14.782900 -13.800348 -39.887545
14.002542 -10.069532 -41.261766
15.542161 -9.472308 -40.849928
16.125177 -14.140585 -39.243121
13.965195 -18.602480 -38.195825
11.018592 -17.849342 -39.496729
10.188061 -13.733190 -41.323152
11.748965 -12.756233 -41.221843
12.376342 -17.089312 -39.430719
10.280201 -21.214255 -38.003590
7.437331 -20.170903 -39.215058
6.701845 -15.784723 -41.302879
8.381749 -14.559594 -41.445923
9.128054 -18.682925 -39.593269
7.144647 -22.607379 -37.919130
4.425195 -21.395756 -39.021011
3.796377 -16.856884 -41.248430
5.584806 -15.493791 -41.578268
6.432807 -19.501118 -39.728143
4.538044 -23.315535 -37.891846
1.907897 -22.010908 -38.882899
1.353404 -17.387104 -41.180783
3.211137 -15.946434 -41.658131
4.122145 -19.886721 -39.843773
2.277391 -23.636767 -37.896131
-0.304875 -22.275364 -38.777767
-0.823053 -17.598060 -41.105120
1.063720 -16.106749 -41.706608
1.999167 -20.000000 -39.950010
0.166713 -23.703737 -37.922356
-2.406545 -22.297635 -38.691395
-2.924723 -17.575789 -41.018747
-1.046958 -16.039780 -41.732833
-0.123811 -19.886721 -40.056248
-1.980704 -23.543421 -37.970833
-4.583003 -22.086679 -38.615731
-5.137496 -17.311333 -40.913615
-3.307611 -15.718547 -41.737117
-2.434473 -19.501118 -40.171877
-4.354373 -23.090778 -38.050695
-7.025975 -21.556458 -38.548084
-7.654794 -16.696181 -40.775503
-5.914214 -15.010392 -41.709833
-5.129721 -18.682925 -40.306752
-7.151316 -22.156581 -38.183041
-9.931443 -20.484298 -38.493636
-10.666930 -15.471328 -40.581456
-9.049768 -13.617268 -41.625374
-8.378008 -17.089312 -40.469302
-10.518532 -20.353220 -38.407120
-13.417659 -18.432765 -38.473362
-14.248191 -13.149767 -40.299785
-12.734762 -11.005493 -41.433138
-12.126844 -14.140585 -40.656900
-14.311728 -17.069295 -38.779036
-17.232141 -14.769107 -38.534748
-18.012498 -9.100773 -39.908969
-16.436733 -6.577440 -41.067884
-15.682178 -9.305223 -40.834815
-17.669072 -11.888327 -39.325203
-20.355234 -9.237524 -38.734127
-20.800930 -3.279992 -39.453301
-18.894425 -0.544490 -40.530288
-17.736586 -3.086208 -40.937621
-19.301514 -5.616686 -39.948772
-21.588075 -2.946998 -39.054708
-21.588472 2.934630 -39.055420
-19.311171 5.506732 -39.959412
-17.781211 2.785117 -40.939854
-19.014721 -0.026785 -40.477644
-21.043953 2.367133 -39.389703
-20.787623 7.933884 -38.793404
-18.341521 10.165844 -39.499927
-16.661452 7.135076 -40.883820
-17.781716 3.979649 -40.840825
-19.754215 6.070715 -39.660023
-19.437448 11.338056 -38.647563
-16.983598 13.279085 -39.181926
-15.300644 9.998355 -40.815722
-16.431444 6.586037 -41.068622
-18.442681 8.458561 -39.853736
-18.152826 13.518157 -38.571159
-15.751144 15.263012 -38.973606
-14.116761 11.816365 -40.756479
-15.297593 8.236416 -41.208556
-17.371818 9.967220 -39.985928
-17.132720 14.892757 -38.531490
-14.793797 16.511171 -38.839732
-13.217089 12.957074 -40.711458
-14.453595 9.268336 -41.293965
-16.589757 10.906160 -40.072879
-16.403205 15.743009 -38.510940
-14.122847 17.276985 -38.756302
-12.600633 13.649618 -40.680609
-13.889428 9.886359 -41.344210
-16.081049 11.458752 -40.126013
-15.943868 16.232318 -38.500713
-13.715937 17.705194 -38.709161
-12.243581 14.022701 -40.662742
-13.580808 10.203442 -41.369692
-15.822319 11.724371 -40.152128
-15.731975 16.447332 -38.496626
-13.552174 17.870541 -38.690856
-12.126844 14.140585 -40.656900
-13.510694 10.273553 -41.375298
-15.799072 11.747757 -40.154446
-15.755333 16.423946 -38.497058
-13.622081 17.800430 -38.698625
-12.243581 14.022701 -40.662742
-13.674944 10.108207 -41.362061
-16.009941 11.532743 -40.133248
-16.015327 16.158327 -38.502179
-13.929767 17.483347 -38.733631
-12.600633 13.649618 -40.680609
-14.083117 9.679998 -41.327515
-16.466950 11.043435 -40.085934
-16.526666 15.605735 -38.514028
-14.492112 16.865324 -38.801283
-13.217089 12.957074 -40.711458
-14.756324 8.914184 -41.264855
-17.192418 10.193182 -40.006497
-17.313196 14.666795 -38.537493
-15.333068 15.833404 -38.912727
-14.116761 11.816365 -40.756479
-15.717350 7.666025 -41.160624
-18.205981 8.818583 -39.884519
-18.391240 13.158136 -38.582713
-16.462055 14.183025 -39.087627
-15.300644 9.998355 -40.815722
-16.955652 5.682098 -40.990482
-19.480227 6.638481 -39.704550
-19.714137 10.770289 -38.669803
-17.804643 11.576637 -39.357034
-16.661452 7.135076 -40.883820
-18.322752 2.568857 -40.714589
-20.814200 3.234309 -39.450074
-21.021503 7.066708 -38.835010
-19.025838 7.570202 -39.758138
-17.781211 2.785117 -40.939854
-19.306136 -2.090256 -40.285282
-21.591255 -1.764945 -39.124195
-21.590918 1.752577 -39.124938
-19.296154 1.980301 -40.295618
-17.736586 -3.086208 -40.937621
-18.907227 -8.141477 -39.701802
-20.774135 -7.979567 -38.791260
-20.388016 -4.537950 -39.544100
-17.645225 -4.291340 -40.868453
-15.682178 -9.305223 -40.834815
-16.467318 -14.174428 -39.088528
-17.958000 -13.800348 -38.562425
-17.291250 -10.069532 -39.995215
-14.272610 -9.472308 -41.310628
-12.126844 -14.140585 -40.656900
-12.778400 -18.602480 -38.609069
-14.174421 -17.849342 -38.477094
-13.494206 -13.733190 -40.364661
-10.469734 -12.756233 -41.565168
-8.378008 -17.089312 -40.469302
-9.101104 -21.214255 -38.303071
-10.582111 -20.170903 -38.485758
-10.017754 -15.784723 -40.626188
-7.097202 -14.559594 -41.685105
-5.129721 -18.682925 -40.306752
-5.969657 -22.607379 -38.121773
-7.564145 -21.395756 -38.535767
-7.117389 -16.856884 -40.806718
-4.297505 -15.493791 -41.730971
-2.434473 -19.501118 -40.171877
-3.365142 -23.315535 -38.013967
-5.043919 -22.010908 -38.601539
-4.676940 -17.387104 -40.936717
-1.922502 -15.946434 -41.737456
-0.123811 -19.886721 -40.056248
-1.105435 -23.636767 -37.948402
-2.829888 -22.275364 -38.675572
-2.501486 -17.598060 -41.037189
0.225388 -16.106749 -41.719562
1.999167 -20.000000 -39.950010
1.005045 -23.703737 -37.909402
-0.728112 -22.297635 -38.759326
-0.399710 -17.575789 -41.120942
2.335868 -16.039780 -41.680561
4.122145 -19.886721 -39.843773
3.152935 -23.543421 -37.891507
1.447342 -22.086679 -38.859797
1.814321 -17.311333 -41.194975
4.595575 -15.718547 -41.614997
6.432807 -19.501118 -39.728143
5.527938 -23.090778 -37.897993
3.887790 -21.556458 -38.989796
4.334546 -16.696181 -41.260747
7.200090 -15.010392 -41.507190
9.128054 -18.682925 -39.593269
8.327635 -22.156581 -37.943859
6.788155 -20.484298 -39.170327
7.352512 -15.471328 -41.310756
10.331537 -13.617268 -41.325892
12.376342 -17.089312 -39.430719
11.700167 -20.353220 -38.063795
10.264607 -18.432765 -39.431853
10.944822 -13.149767 -41.319420
14.008833 -11.005493 -41.019894
16.125177 -14.140585 -39.243121
15.503043 -17.069295 -38.318335
14.061651 -14.769107 -39.801300
14.728401 -9.100773 -41.234089
17.697751 -6.577440 -40.540435
19.680511 -9.305223 -39.065206
18.875659 -11.888327 -38.760511
17.158417 -9.237524 -40.252414
17.544536 -3.279992 -41.005255
20.137660 -0.544490 -39.927161
21.734920 -3.086208 -38.962400
20.526587 -5.616686 -39.333345
18.361319 -2.946998 -40.671577
18.361657 2.934630 -40.672319
20.536569 5.506732 -39.343681
21.779544 2.785117 -38.960167
20.256272 -0.026785 -39.870826
17.791905 2.367133 -40.961504
17.584602 7.933884 -40.346441
19.553185 10.165844 -38.914375
20.659786 7.135076 -39.016201
19.035076 3.979649 -40.271929
16.484539 6.070715 -41.126711
16.250629 11.338056 -40.091964
18.186085 13.279085 -38.638481
19.298977 9.998355 -39.084298
17.692488 6.586037 -40.541337
15.161641 8.458561 -41.213801
14.976383 13.518157 -39.911995
16.947783 15.263012 -38.468339
18.115095 11.816365 -39.143542
16.563501 8.236416 -40.716236
14.083597 9.967220 -41.259021
13.962819 14.892757 -39.790017
15.986757 16.511171 -38.364109
17.215422 12.957074 -39.188563
15.722545 9.268336 -40.827681
13.297067 10.906160 -41.282486
13.237352 15.743009 -39.710580
15.313550 17.276985 -38.301449
16.598966 13.649618 -39.219411
15.160200 9.886359 -40.895333
12.785729 11.458752 -41.294336
12.780343 16.232318 -39.663266
14.905377 17.705194 -38.266903
16.241915 14.022701 -39.237279
14.852514 10.203442 -40.930338
12.525735 11.724371 -41.299456
12.569474 16.447332 -39.642069
14.741127 17.870541 -38.253666
16.125177 14.140585 -39.243121
14.743415 10.312556 -40.942434
12.414330 11.835222 -41.301476
12.447184 16.569093 -39.629948
14.597372 18.012142 -38.242378
15.951547 14.312358 -39.251809
14.569420 10.483130 -40.961396
12.239382 12.005849 -41.304444
12.272630 16.739293 -39.612859
14.421625 18.181440 -38.228941
15.775833 14.481995 -39.260602
14.393342 10.651572 -40.980187
12.062365 12.174332 -41.307203
12.096002 16.907344 -39.595814
14.243816 18.348590 -38.215742
15.598062 14.649469 -39.269498
14.215206 10.817855 -40.998804
11.883306 12.340646 -41.309751
11.917327 17.073222 -39.578813
14.063973 18.513567 -38.202781
15.418261 14.814756 -39.278496
14.035040 10.981956 -41.017244
11.702231 12.504767 -41.312088
11.736631 17.236901 -39.561860
13.882121 18.676347 -38.190061
15.236455 14.977830 -39.287594
13.852869 11.143851 -41.035504
11.519167 12.666670 -41.314214
11.553942 17.398357 -39.544957
13.698288 18.836905 -38.177584
15.052673 15.138668 -39.296791
13.668722 11.303513 -41.053582
11.334143 12.826330 -41.316128
11.369286 17.557566 -39.528107
13.512501 18.995218 -38.165351
14.866942 15.297245 -39.306085
13.482626 11.460921 -41.071475
11.147184 12.983724 -41.317831
11.182691 17.714504 -39.511312
13.324789 19.151261 -38.153364
14.679290 15.453538 -39.315475
13.294608 11.616050 -41.089181
10.958320 13.138829 -41.319322
10.994185 17.869148 -39.494575
13.135178 19.305012 -38.141626
14.489744 15.607524 -39.324961
13.104697 11.768878 -41.106696
10.767579 13.291621 -41.320601
10.803797 18.021474 -39.477898
12.943698 19.456448 -38.130137
14.298332 15.759179 -39.334539
12.912921 11.919381 -41.124018
10.574989 13.442077 -41.321667
10.611554 18.171461 -39.461284
12.750378 19.605545 -38.118899
14.105085 15.908481 -39.344210
12.719309 12.067537 -41.141144
10.380578 13.590175 -41.322521
10.417485 18.319084 -39.444735
12.555245 19.752282 -38.107915
13.910029 16.055407 -39.353971
12.523889 12.213323 -41.158073
10.184376 13.735893 -41.323162
10.221620 18.464323 -39.428254
12.358329 19.896637 -38.097186
13.713195 16.199936 -39.363820
12.326691 12.356719 -41.174800
9.986413 13.879208 -41.323591
10.023988 18.607156 -39.411843
12.159660 20.038588 -38.086713
13.514612 16.342046 -39.373758
12.127744 12.497703 -41.191325
9.786717 14.020101 -41.323806
9.824617 18.747562 -39.395505
11.959267 20.178113 -38.076498
13.314309 16.481715 -39.383781
11.927078 12.636253 -41.207644
9.585318 14.158549 -41.323809
9.623538 18.885518 -39.379242
11.757180 20.315193 -38.066542
13.112317 16.618924 -39.393889
11.724723 12.772349 -41.223755
9.382247 14.294532 -41.323598
9.420781 19.021006 -39.363057
11.553429 20.449807 -38.056848
12.908665 16.753650 -39.404080
11.520709 12.905970 -41.239656
9.177534 14.428030 -41.323175
9.216376 19.154004 -39.346951
11.348045 20.581934 -38.047416
12.703385 16.885876 -39.414353
11.315067 13.037097 -41.255343
8.971210 14.559022 -41.322540
9.010354 19.284493 -39.330927
11.141058 20.711556 -38.038248
12.496505 17.015579 -39.424706
11.107827 13.165710 -41.270816
8.763304 14.687489 -41.321691
8.802746 19.412453 -39.314989
10.932499 20.838651 -38.029345
12.288059 17.142742 -39.435137
10.899020 13.291790 -41.286071
8.553849 14.813413 -41.320630
8.593581 19.537865 -39.299137
10.722400 20.963202 -38.020709
12.078076 17.267345 -39.445645
10.688677 13.415319 -41.301107
8.342876 14.936773 -41.319357
8.382893 19.660711 -39.283375
10.510792 21.085190 -38.012340
11.866588 17.389370 -39.456228
10.476831 13.536276 -41.315920
8.130416 15.057552 -41.317871
8.170711 19.780972 -39.267705
10.297706 21.204597 -38.004241
11.653626 17.508798 -39.466885
10.263511 13.654645 -41.330509
7.916500 15.175732 -41.316173
7.957068 19.898630 -39.252129
10.083174 21.321405 -37.996412
11.439223 17.625611 -39.477614
10.048751 13.770409 -41.344872
7.701161 15.291295 -41.314264
7.741996 20.013667 -39.236649
9.867228 21.435596 -37.988854
11.223410 17.739793 -39.488414
9.832583 13.883548 -41.359006
7.484432 15.404224 -41.312143
7.525527 20.126067 -39.221268
9.649901 21.547153 -37.981569
11.006220 17.851326 -39.499282
9.615038 13.994047 -41.372910
7.266343 15.514502 -41.309811
7.307693 20.235813 -39.205988
9.431225 21.656060 -37.974558
10.787685 17.960193 -39.510218
9.396149 14.101890 -41.386581
7.046928 15.622112 -41.307268
7.088527 20.342887 -39.190812
9.211232 21.762301 -37.967822
10.567838 18.066378 -39.521219
9.175949 14.207059 -41.400017
6.826220 15.727038 -41.304515
6.868061 20.447275 -39.175741
8.989956 21.865859 -37.961361
10.346711 18.169866 -39.532285
8.954470 14.309540 -41.413217
6.604252 15.829266 -41.301552
6.646328 20.548961 -39.160778
8.767429 21.966719 -37.955177
10.124337 18.270640 -39.543413
8.731747 14.409317 -41.426177
6.381056 15.928778 -41.298380
6.423362 20.647928 -39.145925
8.543685 22.064867 -37.949270
9.900751 18.368686 -39.554602
8.507811 14.506375 -41.438898
6.156666 16.025561 -41.294998
6.199195 20.744164 -39.131185
8.318757 22.160286 -37.943642
9.675984 18.463989 -39.565849
8.282697 14.600700 -41.451375
5.931116 16.119601 -41.291408
5.973862 20.837653 -39.116559
8.092679 22.252964 -37.938294
9.450071 18.556535 -39.577154
8.056438 14.692277 -41.463608
5.704439 16.210882 -41.287609
5.747395 20.928381 -39.102050
7.865484 22.342886 -37.933225
9.223046 18.646310 -39.588515
7.829068 14.781093 -41.475595
5.476669 16.299392 -41.283603
5.519829 21.016335 -39.087660
7.637206 22.430040 -37.928438
8.994942 18.733301 -39.599930
7.600620 14.867135 -41.487334
5.247840 16.385117 -41.279391
5.291198 21.101502 -39.073390
7.407880 22.514411 -37.923932
8.765793 18.817495 -39.611397
7.371130 14.950390 -41.498823
5.017986 16.468045 -41.274972
5.061536 21.183869 -39.059244
7.177540 22.595987 -37.919709
8.535633 18.898879 -39.622914
7.140631 15.030845 -41.510060
4.787142 16.548163 -41.270348
4.830876 21.263423 -39.045224
6.946219 22.674756 -37.915768
8.304498 18.977440 -39.634481
6.909157 15.108488 -41.521045
4.555342 16.625458 -41.265518
4.599254 21.340153 -39.031330
6.713954 22.750707 -37.912111
8.072421 19.053168 -39.646094
6.676743 15.183308 -41.531774
4.322621 16.699921 -41.260485
4.366704 21.414047 -39.017566
6.480777 22.823828 -37.908738
7.839438 19.126051 -39.657753
6.443425 15.255294 -41.542247
4.089013 16.771539 -41.255248
4.133262 21.485095 -39.003934
6.246725 22.894108 -37.905649
7.605582 19.196078 -39.669456
6.209236 15.324434 -41.552462
3.854553 16.840301 -41.249808
3.898960 21.553285 -38.990435
6.011832 22.961536 -37.902846
7.370889 19.263238 -39.681200
5.974211 15.390719 -41.562418
3.619276 16.906198 -41.244167
3.663836 21.618608 -38.977072
5.776133 23.026103 -37.900328
7.135394 19.327522 -39.692985
5.738387 15.454139 -41.572112
3.383219 16.969220 -41.238325
3.427923 21.681053 -38.963846
5.539664 23.087799 -37.898096
6.899132 19.388920 -39.704808
5.501797 15.514684 -41.581544
3.146414 17.029357 -41.232282
3.191257 21.740612 -38.950760
5.302459 23.146614 -37.896150
6.662138 19.447423 -39.716667
5.264478 15.572344 -41.590712
2.908899 17.086600 -41.226041
2.953873 21.797275 -38.937815
5.064554 23.202541 -37.894490
6.424448 19.503021 -39.728562
5.026465 15.627113 -41.599615
2.670708 17.140941 -41.219601
2.715808 21.851035 -38.925014
4.825985 23.255569 -37.893118
6.186098 19.555708 -39.740489
4.787793 15.678980 -41.608252
2.431878 17.192371 -41.212963
2.477095 21.901882 -38.912358
4.586787 23.305693 -37.892032
5.947122 19.605474 -39.752448
4.548497 15.727940 -41.616620
2.192443 17.240883 -41.206130
2.237772 21.949810 -38.899849
4.346996 23.352903 -37.891233
5.707556 19.652313 -39.764436
4.308615 15.773983 -41.624720
1.952439 17.286470 -41.199101
1.997873 21.994811 -38.887489
4.106647 23.397194 -37.890721
5.467437 19.696217 -39.776452
4.068181 15.817104 -41.632549
1.711903 17.329125 -41.191878
1.757435 22.036878 -38.875280
3.865778 23.438558 -37.890497
5.226800 19.737181 -39.788494
3.827231 15.857296 -41.640107
1.470870 17.368841 -41.184462
1.516494 22.076006 -38.863224
3.624423 23.476990 -37.890560
4.985681 19.775197 -39.800560
3.585802 15.894552 -41.647392
1.229377 17.405613 -41.176853
1.275084 22.112189 -38.851323
3.382618 23.512483 -37.890910
4.744116 19.810260 -39.812648
3.343929 15.928868 -41.654403
0.987458 17.439435 -41.169054
1.033244 22.145420 -38.839578
3.140401 23.545032 -37.891547
4.502141 19.842365 -39.824757
3.101649 15.960239 -41.661140
0.745152 17.470302 -41.161065
0.791007 22.175695 -38.827990
2.897806 23.574632 -37.892472
4.259792 19.871507 -39.836885
2.858997 15.988659 -41.667600
0.502492 17.498209 -41.152888
0.548412 22.203010 -38.816563
2.654871 23.601280 -37.893683
4.017106 19.897681 -39.849029
2.616011 16.014124 -41.673785
0.259517 17.523153 -41.144523
0.305494 22.227361 -38.805298
2.411630 23.624971 -37.895182
3.774118 19.920885 -39.861189
2.372725 16.036631 -41.679691
0.016261 17.545129 -41.135972
0.062288 22.248743 -38.794195
2.168122 23.645701 -37.896967
3.530866 19.941114 -39.873362
2.129177 16.056175 -41.685319
-0.227237 17.564134 -41.127236
-0.181167 22.267154 -38.783257
1.924382 23.663467 -37.899038
3.287384 19.958365 -39.885546
1.885404 16.072756 -41.690668
-0.470943 17.580166 -41.118317
-0.424837 22.282590 -38.772486
1.680446 23.678267 -37.901395
3.043711 19.972636 -39.897740
2.727835 16.002776 -41.670974
2.440354 17.190598 -41.213202
4.436141 21.392311 -39.021657
8.349095 22.147604 -37.944384
11.325026 17.686451 -39.483328
11.370245 13.002259 -41.251167
10.286852 13.660248 -41.322855
11.415199 17.518347 -39.532275
14.505956 18.100720 -38.235340
16.675201 13.567412 -39.215597
15.996980 8.946870 -40.792771
14.284253 9.707902 -41.251870
14.835347 13.724877 -39.894113
17.461725 14.501442 -38.533055
19.212185 10.147417 -39.088642
18.183292 5.738548 -40.452898
16.185474 6.682478 -41.150637
16.472181 10.882575 -40.127756
18.897780 11.838782 -38.764896
20.462133 7.633167 -39.026092
19.277066 3.383284 -40.211294
17.155514 4.456713 -41.058812
17.318838 8.781522 -40.285763
19.655438 9.857301 -38.942231
21.131752 5.746958 -38.992583
19.871541 1.600271 -40.032000
17.692393 2.755252 -40.980334
17.791893 7.158952 -40.400470
20.085775 8.310971 -39.083109
21.515952 4.259255 -38.973357
20.215595 0.178853 -39.891073
18.007341 1.384281 -40.912339
18.069857 5.837581 -40.489541
20.341505 7.038348 -39.200572
21.744821 3.022051 -38.961904
20.420597 -1.015462 -39.773962
18.196424 0.220591 -40.851456
18.234951 4.704699 -40.562943
20.494049 5.936431 -39.303343
21.879946 1.940322 -38.955142
20.539851 -2.069764 -39.671534
18.306171 -0.816452 -40.794822
18.327239 3.685630 -40.626696
20.578486 4.936021 -39.397482
21.951661 0.949236 -38.951554
20.599595 -3.044484 -39.577618
18.359463 -1.783827 -40.740006
18.366178 2.726556 -40.684756
20.611664 3.986191 -39.487588
21.974172 0.000000 -38.950427
20.611664 -3.986191 -39.487588
18.366178 -2.726556 -40.684756
18.359463 1.783827 -40.740006
20.599595 3.044484 -39.577618
21.951661 -0.949236 -38.951554
20.578486 -4.936021 -39.397482
18.327239 -3.685630 -40.626696
18.306171 0.816452 -40.794822
20.539851 2.069764 -39.671534
21.879946 -1.940322 -38.955142
20.494049 -5.936431 -39.303343
18.234951 -4.704699 -40.562943
18.196424 -0.220591 -40.851456
20.420597 1.015462 -39.773962
21.744821 -3.022051 -38.961904
20.341505 -7.038348 -39.200572
18.069857 -5.837581 -40.489541
18.007341 -1.384281 -40.912339
20.215595 -0.178853 -39.891073
21.515952 -4.259255 -38.973357
20.085775 -8.310971 -39.083109
17.791893 -7.158952 -40.400470
17.692393 -2.755252 -40.980334
19.871541 -1.600271 -40.032000
21.131752 -5.746958 -38.992583
19.655438 -9.857301 -38.942231
17.318838 -8.781522 -40.285763
17.155514 -4.456713 -41.058812
19.277066 -3.383284 -40.211294
20.462133 -7.633167 -39.026092
18.897780 -11.838782 -38.764896
16.472181 -10.882575 -40.127756
16.185474 -6.682478 -41.150637
18.183292 -5.738548 -40.452898
19.212185 -10.147417 -39.088642
17.461725 -14.501442 -38.533055
14.835347 -13.724877 -39.894113
14.284253 -9.707902 -41.251870
15.996980 -8.946870 -40.792771
16.675201 -13.567412 -39.215597
14.505956 -18.100720 -38.235340
11.415199 -17.518347 -39.532275
10.286852 -13.660248 -41.322855
11.370245 -13.002259 -41.251167
11.325026 -17.686451 -39.483328
8.349095 -22.147604 -37.944384
4.436141 -21.392311 -39.021657
2.440354 -17.190598 -41.213202
2.727835 -16.002776 -41.670974
1.999167 -20.000000 -39.950010
-1.497402 -23.599763 -37.957989
-5.669952 -21.890173 -38.583312
-7.665740 -16.692736 -40.774857
-7.118662 -14.550617 -41.684580
-7.326693 -17.686451 -40.416692
-10.139812 -20.599247 -38.377796
-13.516450 -18.359822 -38.473660
-14.644797 -12.818772 -40.264240
-13.275523 -10.503732 -41.393624
-12.676867 -13.567412 -40.684424
-14.766547 -16.543857 -38.836193
-17.513851 -14.407477 -38.544645
-18.064945 -9.025303 -39.902402
-16.231292 -6.904455 -41.095908
-15.213851 -10.147417 -40.811379
-16.952859 -13.335535 -39.176065
-19.415073 -11.382053 -38.645877
-19.701780 -6.183001 -39.668758
-17.667347 -4.241794 -40.864068
-16.463800 -7.633167 -40.873929
-18.046632 -10.980272 -39.417670
-20.385113 -9.156287 -38.737702
-20.548437 -4.081947 -39.510751
-18.425005 -2.260314 -40.686732
-17.133418 -5.746958 -40.907438
-18.641108 -9.197259 -39.596964
-20.921992 -7.454826 -38.816180
-21.021492 -2.459377 -39.396045
-18.855342 -0.713984 -40.545854
-17.517618 -4.259255 -40.926664
-18.985162 -7.775841 -39.737890
-21.236939 -6.083856 -38.884176
-21.299455 -1.138006 -39.306973
-19.111072 0.558640 -40.428392
-17.746487 -3.022051 -40.938117
-19.190164 -6.581526 -39.855001
-21.426022 -4.920166 -38.945058
-21.464549 -0.005124 -39.233571
-19.263615 1.660557 -40.325621
-17.881613 -1.940322 -40.944879
-19.309418 -5.527224 -39.957430
-21.535769 -3.883123 -39.001692
-21.556838 1.013945 -39.169818
-19.348053 2.660966 -40.231481
-17.953328 -0.949236 -40.948467
-19.369161 -4.552503 -40.051346
-21.589061 -2.915747 -39.056508
-21.595777 1.973018 -39.111758
-19.381231 3.610797 -40.141376
-17.975838 0.000000 -40.949594
-19.381231 -3.610797 -40.141376
-21.595777 -1.973018 -39.111758
-21.589061 2.915747 -39.056508
-19.369161 4.552503 -40.051346
-17.953328 0.949236 -40.948467
-19.348053 -2.660966 -40.231481
-21.556838 -1.013945 -39.169818
-21.535769 3.883123 -39.001692
-19.309418 5.527224 -39.957430
-17.881613 1.940322 -40.944879
-19.263615 -1.660557 -40.325621
-21.464549 0.005124 -39.233571
-21.426022 4.920166 -38.945058
-19.190164 6.581526 -39.855001
-17.746487 3.022051 -40.938117
-19.111072 -0.558640 -40.428392
-21.299455 1.138006 -39.306973
-21.236939 6.083856 -38.884176
-18.985162 7.775841 -39.737890
-17.517618 4.259255 -40.926664
-18.855342 0.713984 -40.545854
-21.021492 2.459377 -39.396045
-20.921992 7.454826 -38.816180
-18.641108 9.197259 -39.596964
-17.133418 5.746958 -40.907438
-18.425005 2.260314 -40.686732
-20.548437 4.081947 -39.510751
-20.385113 9.156287 -38.737702
-18.046632 10.980272 -39.417670
-16.463800 7.633167 -40.873929
-17.667347 4.241794 -40.864068
-19.701780 6.183001 -39.668758
-19.415073 11.382053 -38.645877
-16.952859 13.335535 -39.176065
-15.213851 10.147417 -40.811379
-16.231292 6.904455 -41.095908
-18.064945 9.025303 -39.902402
-17.513851 14.407477 -38.544645
-14.766547 16.543857 -38.836193
-12.676867 13.567412 -40.684424
-13.275523 10.503732 -41.393624
-14.644797 12.818772 -40.264240
-13.516450 18.359822 -38.473660
-10.139812 20.599247 -38.377796
-7.326693 17.686451 -40.416692
-7.118662 14.550617 -41.684580
-7.665740 16.692736 -40.774857
-5.669952 21.890173 -38.583312
-1.497402 23.599763 -37.957989
1.999167 20.000000 -39.950010
2.727835 16.002776 -41.670974
2.440354 17.190598 -41.213202
4.436141 21.392311 -39.021657
8.349095 22.147604 -37.944384
11.325026 17.686451 -39.483328
11.370245 13.002259 -41.251167
10.286852 13.660248 -41.322855
11.415199 17.518347 -39.532275
14.505956 18.100720 -38.235340
16.675201 13.567412 -39.215597
15.996980 8.946870 -40.792771
14.284253 9.707902 -41.251870
14.835347 13.724877 -39.894113
17.461725 14.501442 -38.533055
19.212185 10.147417 -39.088642
18.183292 5.738548 -40.452898
16.185474 6.682478 -41.150637
16.472181 10.882575 -40.127756
18.897780 11.838782 -38.764896
20.462133 7.633167 -39.026092
19.277066 3.383284 -40.211294
17.155514 4.456713 -41.058812
17.318838 8.781522 -40.285763
19.655438 9.857301 -38.942231
21.131752 5.746958 -38.992583
19.871541 1.600271 -40.032000
17.692393 2.755252 -40.980334
17.791893 7.158952 -40.400470
20.085775 8.310971 -39.083109
21.515952 4.259255 -38.973357
20.215595 0.178853 -39.891073
18.007341 1.384281 -40.912339
18.069857 5.837581 -40.489541
20.341505 7.038348 -39.200572
21.744821 3.022051 -38.961904
20.420597 -1.015462 -39.773962
18.196424 0.220591 -40.851456
18.234951 4.704699 -40.562943
20.494049 5.936431 -39.303343
21.879946 1.940322 -38.955142
20.539851 -2.069764 -39.671534
18.306171 -0.816452 -40.794822
18.327239 3.685630 -40.626696
20.578486 4.936021 -39.397482
21.951661 0.949236 -38.951554
20.599595 -3.044484 -39.577618
18.359463 -1.783827 -40.740006
18.366178 2.726556 -40.684756
20.611664 3.986191 -39.487588
21.974172 0.000000 -38.950427
20.611664 -3.986191 -39.487588
18.366178 -2.726556 -40.684756
18.359463 1.783827 -40.740006
20.599595 3.044484 -39.577618
21.951661 -0.949236 -38.951554
20.578486 -4.936021 -39.397482
18.327239 -3.685630 -40.626696
18.306171 0.816452 -40.794822
20.539851 2.069764 -39.671534
21.879946 -1.940322 -38.955142
20.494049 -5.936431 -39.303343
18.234951 -4.704699 -40.562943
18.196424 -0.220591 -40.851456
20.420597 1.015462 -39.773962
21.744821 -3.022051 -38.961904
20.341505 -7.038348 -39.200572
18.069857 -5.837581 -40.489541
18.007341 -1.384281 -40.912339
20.215595 -0.178853 -39.891073
21.515952 -4.259255 -38.973357
20.085775 -8.310971 -39.083109
17.791893 -7.158952 -40.400470
17.692393 -2.755252 -40.980334
19.871541 -1.600271 -40.032000
21.131752 -5.746958 -38.992583
19.655438 -9.857301 -38.942231
17.318838 -8.781522 -40.285763
17.155514 -4.456713 -41.058812
19.277066 -3.383284 -40.211294
20.462133 -7.633167 -39.026092
18.897780 -11.838782 -38.764896
16.472181 -10.882575 -40.127756
16.185474 -6.682478 -41.150637
18.183292 -5.738548 -40.452898
19.212185 -10.147417 -39.088642
17.461725 -14.501442 -38.533055
14.835347 -13.724877 -39.894113
14.284253 -9.707902 -41.251870
15.996980 -8.946870 -40.792771
16.675201 -13.567412 -39.215597
14.505956 -18.100720 -38.235340
11.415199 -17.518347 -39.532275
10.286852 -13.660248 -41.322855
11.370245 -13.002259 -41.251167
11.325026 -17.686451 -39.483328
8.349095 -22.147604 -37.944384
4.436141 -21.392311 -39.021657
2.440354 -17.190598 -41.213202
3.749615 -15.869601 -41.642480
