# mx (microTesla), my (microTesla), mz (microTesla)
2.351654 18.439750 -38.829567
1.845995 13.183479 -43.669903
-1.889046 17.136931 -41.080196
-3.474577 23.624493 -37.532811
-0.152469 25.381509 -37.228803
-0.335183 20.525717 -41.440648
0.706517 15.996948 -42.006451
-4.147144 19.395868 -41.241597
-3.882133 21.717026 -37.862300
-0.747773 24.238850 -37.306738
3.123682 19.280815 -40.822859
-2.874762 16.903147 -40.042974
-4.337472 16.198005 -42.198286
-3.303928 23.245406 -37.810688
-3.333389 23.842769 -37.805945
-0.797580 21.060910 -39.770986
-1.672457 15.933679 -41.304761
-4.253426 15.114398 -41.389918
-6.018248 21.003288 -39.006278
-1.123811 22.016571 -36.561586
-4.678175 19.060624 -39.913706
-2.839157 16.698475 -40.545154
-6.747425 16.394636 -39.569520
-6.622381 19.825401 -40.265217
-5.765588 23.828355 -37.838330
-2.135017 18.677638 -39.970912
-3.795889 14.913685 -41.041481
-8.228572 16.278338 -41.372537
-9.138981 22.193571 -39.244764
-5.374145 23.518173 -37.424968
-3.175372 18.873402 -40.893846
-5.854974 12.540211 -43.883542
-10.215671 15.009252 -40.141244
-9.697531 20.567662 -36.570914
-6.917292 23.565693 -39.542701
-5.467391 17.246575 -40.816779
-5.458650 12.122020 -41.042263
-8.852820 15.244421 -42.848657
-9.206777 19.960971 -38.153616
-7.320945 24.473305 -38.553401
-7.660646 18.539823 -40.026583
-5.643944 15.556716 -41.134466
-7.971455 13.932357 -41.575722
-11.659388 19.740352 -40.554359
-7.349983 21.298438 -40.457111
-8.592664 18.290401 -39.146622
-5.628497 18.216274 -41.018947
-12.584263 12.047773 -40.149083
-12.419767 19.222618 -39.398037
-9.438438 22.742998 -38.076148
-8.226288 15.767027 -42.961827
-10.268601 13.257877 -38.954450
-11.812093 16.202063 -41.232362
-13.882329 17.870612 -39.562180
-6.932111 19.376660 -37.118925
-10.234392 18.170771 -39.916996
-10.661809 12.723506 -42.549398
-12.217459 13.480782 -42.252992
-14.897625 19.003292 -36.104055
-10.752956 19.849419 -38.016799
-7.782844 16.509414 -41.153942
-9.624867 12.828430 -39.219651
-13.459883 11.716596 -42.396571
-11.348979 20.711095 -38.744230
-12.404034 21.593697 -40.178738
-11.913602 16.507909 -41.170976
-12.116815 11.296966 -40.968307
-12.438460 13.035630 -39.306950
-17.711812 17.390465 -39.745957
-14.459673 17.415690 -39.095539
-9.992867 12.873307 -40.572915
-13.625341 10.365408 -39.917366
-14.522004 14.210504 -40.432116
-16.455960 16.424275 -38.127411
-13.132485 16.396789 -38.538148
-11.782952 17.918347 -37.841556
-14.931866 9.700461 -43.559095
-16.957141 11.942577 -38.318249
-17.243347 15.035866 -41.725991
-14.368829 15.681214 -39.550697
-14.160446 13.241218 -43.329438
-16.566377 12.561843 -43.233248
-18.418540 13.451426 -35.695473
-18.604906 14.684274 -38.010445
-12.218867 15.009076 -39.210010
-12.358321 13.238557 -41.291067
-15.239289 6.505977 -41.593479
-17.833674 10.235439 -40.811685
-16.796332 15.939961 -38.311124
-14.929077 15.748836 -38.930186
-15.243289 12.230446 -40.904620
-12.528643 10.094805 -40.587657
-19.196051 7.376155 -38.117379
-17.722049 14.292256 -41.186348
-14.666301 15.497938 -40.686603
-15.460569 11.288357 -40.709631
-16.691860 6.714380 -41.470895
-18.394942 10.378366 -43.679465
-19.038753 12.957204 -38.154322
-17.170378 11.298231 -38.621782
-12.708670 7.699208 -39.519933
-17.285363 5.883226 -42.595275
-19.651170 9.218714 -38.881067
-16.605530 13.550599 -37.972089
-14.504433 13.681030 -37.966532
-16.243550 9.179629 -41.886781
-15.799457 3.286567 -39.762107
-19.913101 8.096673 -38.554711
-16.945338 11.946829 -41.024660
-17.679980 10.328474 -40.082334
-13.982066 9.091034 -41.911571
-19.246607 4.157742 -42.677104
-21.062102 5.855154 -37.874607
-19.185969 6.456619 -38.249307
-17.880845 11.748548 -36.978397
-19.743965 6.280704 -39.996842
-20.490349 5.355366 -40.213517
-19.163240 3.556856 -38.314286
-18.868544 9.265079 -38.396780
-17.941734 8.853834 -39.722929
-17.226976 6.755431 -39.400934
-20.046341 1.967780 -38.455048
-21.874642 2.187491 -39.159825
-19.525129 7.937112 -36.800617
-17.368436 10.415315 -38.770245
-13.803727 4.868638 -43.920817
-16.340455 0.466278 -40.424225
-19.068604 0.009254 -41.270300
-23.461516 5.717713 -38.183307
-18.120908 8.556053 -41.820935
-21.004492 4.239764 -41.635415
-18.292988 1.189719 -40.285383
-20.113177 1.735184 -38.528663
-22.331206 5.615949 -38.599194
-17.876451 6.528184 -39.020711
-18.128671 2.952376 -39.693009
-22.153172 -2.834745 -42.620864
-24.920419 -0.657560 -38.132114
-21.862233 5.148808 -37.314879
-17.261711 5.983142 -37.872792
-17.728223 0.834472 -41.835719
-21.511689 -3.257034 -40.837854
-20.326952 1.902034 -41.263802
-20.952051 2.251206 -38.293610
-19.541408 2.302270 -38.611191
-18.855964 0.245869 -42.552853
-20.345051 -2.322930 -40.486605
-21.097077 -1.179774 -37.145741
-22.107240 0.552626 -37.464220
-19.878839 5.678872 -39.528518
-18.172545 0.523164 -38.023075
-16.266136 -3.902911 -39.863297
-19.978701 -4.036404 -38.565448
-21.628865 2.193519 -40.376787
-21.747977 -0.144710 -41.878814
-18.636476 -1.486507 -38.042377
-17.685788 -6.491766 -39.482074
-22.151910 -4.238568 -38.727668
-20.603572 0.170233 -37.594752
-21.003792 1.934342 -36.404318
-17.531794 0.059252 -40.806838
-18.382074 -6.172023 -40.158782
-22.604131 -4.206671 -40.226011
-20.421617 1.268094 -38.706468
-19.592955 1.570985 -40.860596
-16.326592 -5.875798 -41.440698
-22.093462 -9.361387 -37.756669
-19.931418 -6.964586 -41.148113
-25.700170 -2.206610 -35.693137
-18.329740 -0.976147 -39.795125
-19.880774 -4.604219 -40.778534
-19.036341 -6.955433 -39.184818
-20.057111 -7.941476 -37.496038
-18.589525 -3.867867 -40.724373
-16.743160 -1.439843 -38.480313
-17.959010 -2.993813 -40.718305
-18.266283 -6.805507 -40.144075
-22.203390 -8.592820 -38.115557
-23.107898 -2.464659 -40.271441
-16.736818 -5.746684 -41.857080
-19.527894 -7.419684 -40.529172
-18.616089 -10.528918 -39.740414
-20.166169 -10.428566 -37.688107
-19.439117 -3.835714 -38.700132
-17.673330 -0.088832 -40.896693
-17.109732 -8.297650 -42.431596
-19.855603 -12.460909 -39.508732
-19.597668 -9.816840 -39.854160
-18.705115 -4.278021 -39.847047
-18.705405 -3.285927 -40.570304
-18.421099 -8.236703 -40.470122
-18.929093 -11.801720 -41.487148
-17.672028 -8.978742 -39.045376
-19.081942 -9.954685 -41.415536
-17.724501 -6.662222 -39.864037
-12.802748 -10.844732 -42.096841
-16.767162 -10.605866 -41.042076
-18.830443 -9.052533 -41.108358
-21.071089 -7.904057 -40.535932
-15.573673 -5.612723 -43.678370
-14.526580 -10.866308 -38.904004
-17.553888 -14.888236 -38.302078
-17.539088 -12.020286 -41.126709
-17.816734 -9.722590 -39.476563
-18.389205 -6.200129 -42.302827
-16.677234 -9.822050 -40.425865
-16.978424 -12.639539 -39.681935
-18.068012 -13.168671 -39.498968
-17.344761 -9.844950 -40.521551
-13.624431 -9.295652 -44.785597
-11.744546 -7.931713 -41.366594
-18.361969 -16.134829 -39.359647
-17.788526 -16.090969 -37.674926
-16.647332 -12.128793 -38.929899
-11.959527 -8.310380 -41.742207
-13.737333 -11.663523 -43.322840
-14.565327 -17.075057 -36.070355
-17.108816 -12.734816 -40.178389
-15.892472 -10.216956 -41.356645
-14.099715 -7.549194 -41.787802
-15.383099 -13.408956 -42.046480
-14.638341 -17.397217 -41.315016
-18.573208 -15.293986 -39.289136
-19.918197 -10.291904 -39.718475
-14.722813 -12.106781 -40.110220
-11.601269 -10.568232 -40.026540
-12.815791 -18.273763 -37.448719
-14.474419 -14.882475 -39.273141
-15.982288 -12.923062 -39.014155
-10.651525 -11.545178 -42.058663
-10.895605 -15.231539 -39.190782
-16.009119 -19.972976 -39.767979
-18.117088 -18.909000 -39.853846
-14.851340 -11.230303 -40.640449
-13.655352 -11.627562 -39.900908
-12.035450 -16.908782 -39.741245
-12.161557 -18.430304 -38.538640
-12.772875 -19.678214 -38.493078
-14.050770 -15.377136 -42.689549
-10.255676 -12.711724 -43.056705
-9.886115 -14.488312 -43.958658
-13.237901 -21.411706 -36.253770
-12.556838 -17.593434 -40.182934
-14.565871 -13.491537 -40.327171
-9.603744 -13.066156 -41.150001
-8.642822 -15.606760 -39.283910
-12.554624 -23.979642 -36.874041
-10.323326 -20.849221 -41.264094
-11.858953 -13.331697 -37.787027
-8.764693 -13.896126 -42.946040
-7.971159 -17.769405 -41.972404
-6.154118 -18.466275 -36.607648
-12.581631 -18.563125 -37.520452
-10.436138 -13.371344 -39.597594
-7.513572 -12.890121 -41.129374
-9.744713 -17.694699 -41.238100
-10.222471 -19.109047 -35.657408
-8.230693 -19.942246 -36.463393
-10.148330 -15.411306 -42.256301
-7.087238 -14.213470 -43.623750
-6.202195 -18.390503 -37.660236
-6.012404 -22.053469 -37.821187
-9.248652 -21.059581 -40.126272
-9.436002 -17.254793 -42.555044
-5.952280 -14.126103 -44.373959
-5.343262 -17.178056 -38.719393
-4.844140 -22.401050 -39.409843
-9.964860 -20.617998 -37.950836
-6.300625 -14.855153 -40.939248
-7.601706 -15.549873 -41.387026
-4.476574 -19.887971 -39.879571
-6.148823 -23.739153 -37.627586
-7.948211 -21.096956 -38.130855
-8.944826 -17.544780 -38.643265
-6.477394 -18.552686 -44.519412
-3.127080 -19.272141 -40.385138
-2.565125 -27.091865 -37.458068
-3.993268 -23.430602 -39.134996
-7.353676 -18.429683 -41.345877
-1.577262 -12.875556 -42.239083
0.703720 -19.509587 -37.527299
-3.506171 -23.118731 -37.465792
-0.544408 -20.684677 -39.654462
-3.746862 -17.842880 -41.645036
-1.327925 -15.785682 -41.320577
-1.104635 -19.248892 -39.468931
-5.240575 -22.494668 -39.454003
-6.443266 -22.218141 -38.499448
-5.206810 -16.211692 -42.974827
-2.264518 -16.856489 -41.806314
0.329507 -21.402277 -38.968071
-1.201435 -26.457671 -40.890857
-3.258120 -22.576678 -38.815894
-3.167724 -17.223716 -39.588328
-2.277815 -17.829794 -43.369143
1.387131 -18.105170 -40.649334
-4.004064 -26.246636 -39.179622
-3.031605 -22.917979 -38.641627
-2.548427 -16.037285 -42.069020
-0.858329 -15.391719 -44.020097
2.583704 -19.846170 -40.171174
3.177699 -24.640331 -34.821883
-1.486939 -24.226394 -38.636641
-2.648955 -18.733455 -40.501465
2.315321 -17.026911 -40.217789
4.780839 -17.818138 -39.103576
3.886734 -26.490022 -38.376666
-1.404357 -22.082792 -39.643886
-0.239194 -14.722389 -41.390331
3.147060 -16.371168 -41.562424
4.096148 -19.217952 -38.097564
5.355627 -23.111735 -37.008210
-0.789344 -22.289630 -37.424516
2.349172 -17.113535 -39.841504
4.301707 -14.097080 -41.213951
4.590399 -19.250005 -44.189533
4.495589 -28.901917 -40.475718
2.648413 -21.283412 -40.629746
1.014937 -15.206219 -41.928995
7.961037 -15.721210 -41.002905
8.577515 -19.366411 -41.245701
4.784332 -23.282039 -39.940901
2.610991 -22.901027 -37.553494
3.157744 -17.463550 -41.390501
5.951526 -14.560405 -43.076563
5.606697 -17.661498 -40.309805
3.839445 -22.308973 -37.207264
1.710011 -21.178271 -37.893209
4.677203 -15.815565 -43.362257
7.119880 -15.653996 -42.258384
9.477616 -16.802219 -36.949567
8.938042 -22.832801 -37.387010
6.152257 -21.022930 -38.859463
6.345343 -16.524255 -42.370688
6.991619 -13.911566 -41.482199
9.667883 -17.666490 -40.154054
9.083918 -21.741724 -39.787285
8.143282 -21.586337 -41.599587
4.517807 -17.587203 -41.215624
8.173381 -14.978898 -40.505043
10.633546 -17.796837 -38.928701
9.837360 -25.062967 -38.505849
3.666496 -20.360987 -39.187369
8.608224 -13.844040 -41.003021
8.782601 -13.307043 -42.169939
11.065540 -16.340926 -40.332866
11.062545 -20.426366 -39.420590
9.331199 -18.897567 -39.092975
6.827272 -16.434888 -42.123117
11.271576 -14.980478 -40.660974
10.124036 -17.626611 -39.285747
14.437267 -23.001512 -35.814597
9.002670 -18.810771 -39.135574
9.542405 -14.849239 -39.141099
10.670542 -11.313400 -42.218855
12.787957 -18.381355 -38.723063
13.824974 -20.497671 -38.357075
7.985044 -19.206771 -41.771123
8.381803 -13.704656 -39.345302
16.437192 -13.310266 -39.030475
14.105809 -16.407211 -38.713578
12.607608 -19.616689 -38.718179
8.407972 -20.568312 -38.472315
10.180722 -14.320155 -41.308804
14.252084 -11.533997 -42.094876
16.409284 -13.174141 -38.579117
14.800060 -17.276178 -36.459146
12.241233 -16.701807 -38.744165
9.760949 -11.712883 -43.349123
12.669987 -9.180583 -39.774279
17.596152 -15.270408 -41.009532
13.768864 -18.300858 -38.088978
13.800099 -17.445888 -39.068105
10.699507 -11.385012 -41.300695
13.503058 -10.780128 -41.231344
15.718396 -11.485124 -39.390867
14.516590 -20.874700 -39.606343
12.446872 -17.197524 -37.596923
12.672716 -9.384845 -41.198900
15.411105 -9.811042 -40.866731
19.421681 -16.862028 -42.209494
14.781486 -16.943168 -37.291693
14.253393 -15.972000 -38.214875
15.163251 -10.260986 -39.829750
16.451314 -9.734599 -39.740145
17.688581 -12.584398 -36.963758
12.592680 -18.291835 -40.173350
13.659603 -14.968671 -42.078809
12.796304 -11.012575 -37.566110
19.389758 -8.689739 -41.244025
16.435479 -14.617901 -39.316651
15.402050 -15.459036 -40.862846
13.678905 -13.521406 -39.343106
15.512783 -10.853200 -39.945016
16.087574 -6.270033 -40.623965
16.687034 -11.367077 -38.563644
18.403484 -14.678082 -36.238366
16.905453 -13.255684 -38.841854
18.354569 -5.052134 -43.040201
16.453140 -4.108948 -42.102610
17.314217 -10.729291 -38.454006
17.869413 -14.548045 -39.624355
14.851381 -13.287486 -36.619015
16.420666 -5.754768 -41.899411
18.071832 -6.495884 -44.398012
17.730013 -11.795738 -42.434051
16.721228 -10.663576 -38.759986
18.333371 -10.422903 -38.941661
15.095363 -5.365166 -40.036843
17.945012 -3.650187 -39.474767
19.422913 -9.818886 -40.813038
19.086223 -11.215041 -39.965488
16.865671 -9.230909 -39.261653
19.197333 -3.278507 -42.592595
21.744708 -4.327190 -38.658943
20.749421 -7.785583 -41.728364
19.091044 -13.077505 -37.411963
19.478706 -10.308213 -39.808626
16.153565 -5.158914 -39.886391
19.519874 0.057608 -40.850676
22.495530 -6.034220 -37.805683
19.018234 -9.826620 -39.124981
16.275575 -7.127318 -39.357856
18.452440 -0.914950 -38.828439
19.321643 -0.996019 -40.962945
21.328573 -6.076005 -36.554382
20.522817 -9.076858 -37.252490
14.547408 -10.133372 -39.209927
17.920704 -1.833673 -42.943347
20.102773 2.460609 -38.690878
21.792230 -4.816815 -39.564130
17.018703 -7.347315 -37.867993
15.660349 -7.083067 -42.208951
16.596570 -1.105569 -44.028760
21.259083 1.608974 -40.203155
18.007184 -4.623317 -37.113381
16.227024 -7.228236 -41.001378
19.397252 -6.072082 -39.934318
19.053499 2.601790 -41.152222
21.047740 -0.717444 -37.940172
20.723984 -2.931701 -38.989275
18.176991 -5.328999 -37.876935
18.742131 -6.403800 -40.791699
19.424737 -1.929430 -42.403007
21.890026 2.953502 -39.007370
24.736039 -0.343890 -37.964965
24.660177 -4.952929 -40.623049
19.002167 -2.318431 -41.459853
16.814867 5.396429 -40.241196
19.513612 4.963900 -39.689098
21.594850 0.843409 -40.888250
21.140981 -0.720572 -38.826114
17.799144 -2.692320 -41.346971
17.979528 2.410208 -39.295313
17.994246 5.925222 -39.995755
22.512219 -0.643763 -36.958850
22.443664 -1.108973 -41.897459
19.555376 -0.280270 -43.198765
18.266284 4.567256 -39.771872
20.787210 6.109001 -37.117718
23.703798 -2.210013 -39.432061
20.236697 -4.138287 -39.584518
20.078445 -1.477303 -40.343207
16.816661 4.051543 -38.324159
19.580178 7.400270 -42.038204
24.521723 4.032668 -39.236483
21.200997 -2.592921 -38.052705
17.558620 0.879687 -41.639640
17.152801 7.132948 -40.088894
21.190122 7.720584 -38.366418
20.909397 7.502832 -41.324166
22.029029 2.596516 -41.205415
21.173911 3.702578 -39.497044
17.845365 6.786379 -40.717798
20.563066 10.851594 -38.770947
19.926375 6.413021 -37.602761
20.866049 2.673845 -40.433936
16.168624 1.918108 -43.455651
17.885084 7.995267 -40.993211
15.255542 7.881305 -37.270471
19.999587 6.721227 -41.085378
21.735740 2.335823 -39.692266
20.730322 6.490847 -41.507981
16.313687 8.624529 -39.496735
19.190554 10.145564 -36.662140
20.476126 10.616743 -38.880705
21.897306 4.066704 -38.781811
15.782596 3.913339 -40.401099
18.308623 10.147099 -42.118530
16.916077 9.564852 -41.428133
20.411470 9.822299 -39.056969
15.419361 4.203357 -40.568248
19.590707 3.965385 -41.715931
18.956304 11.714344 -39.270530
18.686143 13.145925 -37.526917
18.582797 10.396898 -41.118880
18.843319 5.693664 -41.344889
15.940371 6.151096 -42.773347
15.389465 10.312239 -39.557268
16.297880 14.640165 -40.385255
18.448586 9.063095 -37.096626
18.338374 6.018725 -39.767109
12.293091 7.928160 -38.201930
15.592707 12.972572 -39.144844
18.827444 11.470400 -41.059524
19.067053 9.820466 -37.143651
16.815130 4.317524 -42.510028
10.762061 8.521278 -41.509621
14.185172 15.362665 -38.094641
16.643246 12.129720 -37.536614
18.992326 12.219792 -37.669111
14.939903 11.085248 -42.137792
15.397876 7.190291 -42.647643
16.479047 14.195409 -38.557936
16.624421 16.007871 -36.346969
17.167673 9.915301 -40.378048
16.869134 9.485638 -43.137458
12.531444 9.664491 -41.821941
11.479892 14.453074 -40.836356
16.753542 18.178642 -38.545565
16.255429 13.592499 -40.432038
13.635015 8.267516 -41.824645
11.174912 11.560600 -40.196883
10.460835 16.206438 -39.999388
15.394697 17.709115 -40.445430
14.230044 14.186271 -37.700027
11.306497 10.944974 -39.170647
11.952909 12.885792 -42.359962
11.920529 14.472612 -43.112671
15.543669 16.976413 -38.890752
13.285391 12.747942 -39.541915
12.767520 11.702887 -40.355802
11.888230 13.121869 -38.948750
9.718694 17.516925 -37.824621
15.236375 17.006472 -38.622828
16.607027 16.305038 -39.028058
12.733159 11.228842 -40.678465
10.217211 13.362154 -41.203665
9.488029 19.051068 -35.080815
9.849253 20.268301 -39.245964
14.606284 16.250176 -38.219688
13.986636 12.719020 -39.485347
6.234673 16.430513 -40.761229
11.273734 17.033019 -40.628086
11.876193 20.356080 -37.637144
14.505107 14.125581 -37.944870
11.367672 12.706079 -43.458977
9.629888 10.997550 -40.349583
6.539747 19.507716 -39.491849
12.523879 20.667555 -39.063827
11.226765 19.229832 -38.645773
9.879239 13.192370 -43.668008
8.553468 12.506356 -40.188928
8.063290 23.525845 -40.896067
9.700034 24.139899 -36.201318
10.023311 18.156082 -39.493210
9.956076 12.986764 -41.512043
4.642847 15.828177 -40.632153
6.595682 17.992500 -37.697622
9.459946 20.812014 -38.380092
7.872729 16.732794 -40.350160
10.426788 13.514395 -40.474275
5.277898 16.427557 -41.505977
7.289410 20.033003 -41.475736
5.876622 21.512172 -39.808655
9.772886 17.972956 -36.029882
5.006757 15.167882 -43.178618
4.369612 16.647460 -44.764815
5.357262 24.059058 -39.735767
7.355542 24.205583 -38.162021
7.300343 15.607526 -38.679636
6.453567 13.681040 -41.344303
3.240103 15.970898 -40.346417
1.998511 23.093466 -41.093113
4.970656 25.859111 -36.211287
7.315485 17.907721 -40.485208
5.726755 15.541911 -41.713301
3.059578 16.717793 -43.394196
2.219973 23.159675 -40.992532
4.664590 21.998992 -37.726763
5.569254 21.779043 -38.982311
2.628952 16.725172 -42.776937
1.217596 17.732759 -41.940571
3.310044 20.837941 -39.814523
2.936704 22.580839 -36.241736
6.067140 22.318683 -36.392175
2.019482 16.003169 -43.412290
-0.116190 16.485826 -42.756827
-0.640878 21.941388 -40.660028
4.147726 22.199535 -33.678177
3.410047 19.998464 -41.788537
5.085509 17.702015 -41.230620
-2.010161 17.861652 -42.817898
2.089684 23.475423 -38.643553
-1.812972 22.193700 -36.868165
4.863903 21.636345 -42.285716
1.934276 17.616932 -44.186400
-1.046444 18.016585 -41.548162
-3.927034 21.822322 -39.232478
0.573176 22.861812 -38.576848
2.044196 20.663408 -40.401417
0.186804 16.249043 -44.592396
-0.738175 17.613741 -41.021027
0.134364 19.384328 -41.695720
1.309324 23.695001 -37.655596
1.670310 20.993203 -38.532820
1.787276 15.715557 -44.868184
-0.040024 19.442781 -40.123988
-2.366387 23.319169 -37.454989
3.496845 22.385779 -38.247072
3.744093 20.076353 -41.594775
1.943177 16.967713 -41.570013
-0.604723 17.214355 -38.883463
-2.138243 21.419048 -38.740315
2.736962 21.444786 -39.869688
-0.173829 20.029466 -41.583252
1.004258 17.081344 -42.659260
-0.327515 17.142259 -40.102563
0.185066 21.250306 -39.020973
3.243921 24.268449 -39.996860
4.125620 18.340313 -37.774042
3.376899 16.510298 -41.455767
-0.728482 18.594532 -41.676549
0.085123 23.580914 -39.622098
1.013612 21.871011 -39.495625
0.658836 21.045401 -37.166467
4.238204 13.619175 -40.598688
1.977527 16.873641 -40.977652
-3.020905 22.654553 -40.386311
2.496725 21.301572 -37.082451
5.197197 18.755943 -41.572262
-0.874615 15.638155 -42.552397
-2.223108 18.217127 -41.814012
-1.363774 21.400660 -37.195784
3.360781 23.425798 -36.966227
2.177778 19.955952 -39.632948
1.913579 16.667082 -42.844377
1.126916 18.340767 -45.523819
2.293868 17.635777 -39.738769
4.253190 23.119015 -40.092635
2.536933 21.421073 -42.723258
4.570396 15.904010 -43.455726
-0.254058 15.959163 -39.857553
1.865272 19.599834 -39.432222
1.678827 25.505970 -39.917301
6.841907 19.800728 -41.570991
2.119190 14.753657 -43.572154
1.020906 15.611792 -44.436038
0.454934 19.442287 -39.967395
1.867989 22.226299 -34.889829
4.777794 20.185325 -42.479795
2.411924 16.245121 -43.189801
2.498389 15.614938 -41.603423
0.402743 22.357701 -39.812387
3.082899 23.143008 -38.992302
5.677975 20.138098 -39.935250
3.004478 17.079730 -41.999229
0.933413 17.537992 -38.637162
-0.471832 23.227311 -41.704085
4.072259 25.820576 -37.157489
5.462929 18.899743 -39.742915
3.528854 14.665367 -42.072451
1.947687 16.188769 -42.399417
-0.245314 22.616584 -38.059194
4.350420 24.863131 -37.758788
6.051124 20.152737 -39.913979
3.366943 19.121657 -42.307417
0.907402 17.945917 -40.819945
-0.056365 23.669157 -39.031493
2.592540 25.152658 -36.952499
3.821824 22.315988 -38.775686
4.403508 18.138538 -41.382089
2.119602 16.256437 -40.332465
3.020879 21.958481 -40.088375
4.709223 23.215580 -39.891971
3.765819 20.447853 -43.653959
4.981902 14.985560 -39.649905
1.676393 18.184785 -41.807903
2.731086 22.989725 -39.610591
6.263892 21.777227 -37.450944
7.611726 20.536774 -36.863737
3.782924 13.580138 -43.094713
3.661447 17.887808 -41.066218
1.129811 22.979477 -40.767342
6.761514 27.498134 -37.344554
7.355942 18.750717 -42.441038
4.277572 13.952407 -43.764350
5.507786 17.492287 -40.656918
2.603747 21.511281 -37.497151
5.227867 23.948936 -38.189960
6.220806 17.319628 -42.679693
5.042104 15.616104 -43.513371
3.125229 17.102406 -44.467083
1.946835 22.319611 -38.377241
3.798356 23.328214 -36.364390
8.151600 19.223778 -40.402426
4.742411 16.169429 -41.281553
4.372932 17.155095 -40.011322
3.712819 22.820601 -37.665607
4.573743 20.312710 -35.585133
7.622090 16.728409 -40.758624
7.095362 14.981266 -42.332036
5.781180 15.318595 -42.442867
4.138540 22.160841 -38.241496
7.398181 23.253926 -37.168992
7.098513 19.324353 -39.514072
6.510421 16.489425 -40.720665
3.996319 15.604825 -41.150072
4.029045 21.793270 -35.690545
5.495540 23.517384 -36.303393
7.883628 22.663989 -40.229957
6.923188 14.059007 -42.069816
4.552593 18.013717 -40.778649
6.208393 21.286149 -39.513061
10.586094 23.399972 -38.988649
6.943556 17.666878 -38.245617
6.138784 15.371637 -41.626645
5.524650 15.396662 -42.876132
4.903813 22.251910 -38.530634
5.563852 23.746293 -39.028881
7.449959 17.585416 -37.686358
7.882752 16.008251 -39.649128
8.893582 14.022241 -42.375591
3.889705 19.992901 -40.660578
6.575428 20.823408 -37.414511
8.556075 19.640125 -38.864179
8.083331 14.457619 -38.326504
5.272389 13.708452 -42.776610
2.448726 21.210593 -39.241827
6.568059 25.579763 -37.097906
9.812840 17.436008 -41.112221
7.479120 15.191032 -44.280674
4.895309 16.436199 -41.600558
4.083780 20.287564 -39.339465
7.651563 23.382449 -36.304722
8.526199 18.059235 -38.944809
8.584118 14.190843 -40.298320
6.879029 18.262358 -38.614908
4.247456 21.026818 -39.072456
7.611750 21.410095 -40.159295
9.349589 17.498618 -39.460149
6.719533 13.100125 -41.119884
5.878727 17.100331 -38.007914
6.205018 21.639544 -40.721049
6.070789 24.663819 -39.321435
7.886283 18.497030 -39.712337
6.798351 14.196486 -39.614409
4.684819 14.044336 -39.876905
6.768280 19.883954 -41.493425
7.125256 22.109977 -36.193288
8.137696 18.330288 -38.552302
4.820449 16.105837 -43.219012
6.631997 16.405181 -39.667766
7.095679 17.148484 -40.312943
8.689250 21.798912 -37.231279
11.115687 19.268013 -39.874468
5.861767 13.770044 -40.807371
4.737217 16.879270 -39.935670
6.697718 16.015332 -41.068635
11.549646 21.167829 -40.930123
12.022235 18.270533 -37.883749
9.284279 15.036126 -40.873723
7.656654 19.242614 -39.845128
4.373660 21.174488 -37.455136
10.761464 21.240906 -36.213020
11.797322 22.001353 -40.654335
8.343911 13.781061 -42.139612
5.511533 11.573491 -41.956826
7.533544 19.655086 -36.280263
9.213115 23.707477 -37.575148
11.880243 18.450448 -37.464400
9.423657 14.873323 -40.840553
6.648847 16.212959 -37.956100
6.807796 20.911489 -37.312766
11.137620 21.675589 -41.549516
11.649148 14.588334 -37.300988
9.827220 15.514523 -42.728726
4.985755 15.881561 -41.360748
6.708472 20.293622 -35.064498
10.911726 23.116322 -36.715993
13.325248 17.515367 -42.576428
9.521875 15.115473 -42.815503
7.281698 14.334702 -39.059724
8.800828 21.025268 -38.299582
9.835233 21.719468 -39.767451
8.056813 17.905516 -38.996770
11.848843 16.134738 -38.990787
6.279393 14.722889 -40.594452
11.703787 22.146439 -37.569334
9.539024 19.976414 -36.814396
9.914326 17.199669 -39.643471
12.652913 13.122581 -44.989381
8.761688 14.078708 -41.252954
8.003551 19.391095 -38.079474
8.049401 20.400811 -36.980093
10.871415 15.018073 -38.457100
12.175154 13.461075 -44.256242
9.290942 12.510406 -40.855407
7.028441 17.934301 -39.944513
10.300099 20.082200 -37.131792
11.349006 18.772581 -39.026886
9.669473 12.100669 -43.770430
8.893389 14.338421 -44.878366
7.780407 18.191988 -36.934898
8.245539 18.755749 -36.358894
14.277128 16.052907 -40.385571
11.863750 9.777031 -44.074938
8.259787 17.062289 -41.974893
8.958002 21.110795 -36.154955
10.157374 20.758888 -35.300070
10.180826 18.576935 -40.953799
11.314949 12.768968 -42.703878
7.428090 15.016337 -39.828974
8.832847 19.378968 -38.475488
9.786398 21.757177 -36.813743
16.589936 16.333708 -40.102421
12.534748 14.223906 -42.052958
8.518077 15.274807 -42.564403
8.630706 19.269012 -37.855404
10.556310 17.744707 -40.927559
11.013941 14.787556 -39.636277
9.816218 11.800630 -42.394681
8.680322 16.305419 -40.330609
9.487920 18.301069 -40.016316
12.172375 21.242357 -39.424292
13.174502 13.566488 -39.075945
12.959142 12.291355 -38.491746
8.235635 14.503555 -41.377530
9.528624 18.676296 -39.223055
13.168369 22.287726 -38.076741
14.557595 15.415067 -38.233832
10.887418 14.201352 -37.883323
9.588887 10.741517 -42.145923
11.740318 19.529776 -39.027674
13.623202 20.800043 -36.257572
14.926679 18.601283 -38.833916
13.600851 11.955809 -42.083989
12.544758 14.204806 -40.116273
10.289604 17.670004 -39.401987
14.476015 20.755711 -40.662455
13.435647 18.840428 -39.682248
9.752833 15.104467 -40.140491
10.090220 13.170795 -39.699604
9.500526 20.119038 -38.622665
12.898891 19.987885 -38.369075
15.535955 14.714494 -41.783983
13.583799 13.057429 -40.425772
11.015467 13.091814 -40.141206
10.452654 17.510146 -39.921371
15.770657 17.011209 -37.368607
11.655786 15.692972 -39.991180
9.741147 12.537116 -41.698019
7.461667 14.673988 -39.168978
12.961615 18.620727 -39.402098
14.937711 21.978634 -36.429889
12.967043 15.997471 -38.671211
10.358742 12.497924 -37.700081
11.774916 15.464100 -41.045932
10.819952 18.493014 -40.712648
11.703507 21.193254 -36.083966
13.095494 16.984929 -39.450776
13.785252 12.321898 -39.599430
11.141523 15.205929 -40.854761
12.067285 16.507394 -36.268712
14.055481 20.199411 -40.567278
13.548777 17.224607 -38.879957
10.605099 13.024082 -41.887802
13.334718 12.793027 -41.010155
13.098513 16.244624 -41.013829
13.255416 20.204199 -40.164117
12.479293 16.435615 -40.204828
13.085485 8.513927 -42.071555
11.404518 14.151859 -42.472156
14.013030 16.395028 -40.567118
16.053432 19.111590 -39.008917
14.944964 17.059325 -37.091232
12.644481 11.065434 -40.898601
10.132432 12.501722 -41.305183
13.431942 19.061449 -40.054277
13.621478 19.619263 -39.072019
16.254714 14.724994 -40.734921
12.628022 13.127091 -41.249011
14.266009 11.641226 -40.873976
15.503049 15.490161 -42.425223
16.065051 17.208528 -38.238926
14.684705 15.083725 -40.697028
13.984698 11.456149 -42.507183
10.946768 11.714541 -43.451385
11.470311 17.077875 -40.195918
13.918572 18.242329 -39.205383
16.789711 16.657592 -39.958310
15.171430 10.244457 -40.426629
14.534678 12.820072 -43.965423
12.972944 18.569954 -39.947133
16.007242 17.058000 -40.464247
16.152080 11.688601 -39.612027
16.560581 7.559259 -42.874050
10.824741 11.781135 -41.850778
14.576102 17.970729 -38.890022
14.918038 18.501592 -39.543350
17.410993 12.472518 -37.990055
16.561821 10.589850 -41.202427
13.102842 7.455480 -40.846501
12.422689 16.348004 -38.584588
14.699088 16.090119 -38.471375
16.343248 14.195102 -38.994400
16.505423 8.479155 -40.656251
14.649164 8.930826 -41.026331
11.973382 15.602261 -41.027713
14.865535 20.245230 -40.181399
14.844551 11.696716 -36.628284
14.659771 9.641539 -41.476836
11.756973 10.690709 -37.598209
15.448265 14.326328 -38.752274
14.436744 14.200772 -36.805732
18.955561 14.526153 -39.893361
15.774066 10.038832 -40.201987
13.312665 7.764574 -41.094212
15.760734 12.870412 -38.852447
17.025338 16.958626 -37.112444
17.073397 9.390926 -39.943821
18.315268 6.853019 -41.696423
12.191202 11.447554 -39.986784
16.367927 14.609724 -39.077716
17.295384 13.937378 -39.201688
23.251088 10.832223 -39.779999
18.912276 4.165794 -38.190278
15.216246 7.390109 -39.549985
17.101769 10.911994 -40.120288
18.927487 10.711589 -39.462364
22.879171 6.972271 -40.194896
18.797508 4.219413 -39.115627
18.398518 2.848027 -40.143066
16.849013 6.677287 -38.952105
21.556570 6.097337 -40.434609
21.942597 5.374316 -41.833514
20.959103 -4.154321 -40.621048
17.812230 -2.395707 -41.541788
18.369288 0.949694 -42.935493
21.701751 3.109610 -38.415430
19.423818 -2.637831 -37.948431
18.578055 -8.127718 -39.273076
20.334557 -5.092823 -42.839748
20.866526 -5.910788 -39.591377
20.355252 -5.784875 -39.563859
19.519211 -8.473728 -38.719197
19.461675 -14.061328 -38.812891
16.426996 -12.929754 -38.789825
13.005662 -11.637426 -42.113349
14.610929 -8.293009 -39.385952
15.892482 -11.994206 -37.190417
14.330294 -19.835318 -35.832760
10.927066 -17.660094 -40.006137
8.853375 -15.936149 -40.373850
10.573864 -8.166936 -42.850953
10.490268 -16.324104 -37.136749
10.377085 -20.355892 -40.768911
6.421064 -21.781327 -42.057627
6.877315 -19.148964 -43.286173
7.575959 -15.806522 -40.851310
9.586425 -17.342227 -38.464693
8.855866 -22.610257 -37.463930
5.192466 -21.183271 -39.616802
3.297713 -18.083221 -40.616005
5.443784 -16.488551 -42.571635
4.617209 -18.032856 -39.610217
3.243844 -22.102713 -38.732519
-0.201854 -20.479074 -39.688545
0.740056 -17.325334 -39.466899
3.241193 -17.745109 -40.842315
3.394660 -17.054835 -39.845453
-1.075162 -23.100720 -34.979234
2.059005 -19.528933 -40.307407
0.545175 -18.681052 -40.768686
-0.845709 -17.073433 -42.720978
3.347000 -18.798921 -39.534781
-1.858919 -24.171196 -39.041530
-1.102031 -20.530358 -37.106816
-4.057552 -21.685089 -43.669190
1.085483 -16.641662 -42.858920
2.340179 -17.988981 -40.019575
-2.420809 -23.741573 -37.630089
-2.182932 -21.452978 -37.526688
-3.383591 -19.065847 -39.781322
-3.749464 -19.492690 -44.929372
-3.961650 -18.704283 -40.001178
-4.077823 -20.164363 -39.954330
-7.067125 -21.099805 -39.652494
-7.612303 -19.096105 -38.660644
-6.936636 -11.963292 -41.758545
-3.587640 -18.762880 -40.352868
-8.027360 -21.977895 -37.706043
-11.107831 -20.671864 -39.408784
-7.217434 -15.605925 -38.263608
-9.343201 -13.228336 -43.607420
-9.048617 -16.773510 -38.090296
-10.185558 -18.277640 -37.446027
-10.976557 -18.521328 -34.888028
-14.976285 -14.299460 -42.114864
-9.238225 -9.776322 -41.934320
-10.253310 -13.109046 -37.707709
-16.633477 -17.467336 -39.472818
-20.192665 -13.178616 -38.940343
-16.903052 -5.561116 -40.438835
-17.068462 -6.399444 -39.587013
-16.532247 -10.251666 -39.249031
-17.101113 -14.955419 -41.163291
-18.103380 -8.634632 -39.877421
-21.056544 -3.260137 -38.349701
-20.931820 -1.805914 -40.120854
-17.886338 -2.228419 -42.781882
-18.765821 -3.979311 -39.218544
-21.379408 -3.090823 -40.306985
-21.696469 4.824189 -39.233963
-20.645877 4.768361 -39.658136
-18.341482 3.513072 -40.155589
-17.681246 2.108554 -38.983856
-22.445312 1.011832 -39.503360
-21.464386 6.226394 -39.455942
-19.053290 9.158073 -39.973611
-14.893776 7.433933 -37.176106
-17.525953 3.544551 -40.834626
-19.369477 6.723596 -36.544956
-20.705428 12.626625 -38.335937
-19.340244 14.435133 -37.280490
-16.586408 9.984954 -43.403754
-18.319654 8.158082 -41.768247
-20.105886 8.802752 -40.637354
-18.859058 14.627146 -40.313759
-17.109191 15.494132 -37.519491
-12.259521 10.818772 -39.350414
-16.473806 10.975730 -42.909213
-15.379100 8.982491 -36.966059
-16.245739 13.368732 -39.314847
-13.622025 18.090138 -38.945806
-13.150101 14.094604 -40.513760
-16.393853 8.048875 -40.941285
-14.766534 13.330134 -38.903585
-15.972269 16.866230 -39.511066
-14.352694 16.040789 -40.629416
-12.100309 13.927888 -39.649131
-13.070261 10.250326 -40.509285
-16.145073 12.078089 -41.215229
-15.389309 17.234945 -39.505235
-13.638189 16.769790 -39.498922
-13.930975 15.921363 -39.064214
-12.774657 13.161736 -41.653561
-11.274675 11.383077 -39.769338
-16.328642 17.005820 -37.243204
-13.723049 20.535620 -38.332132
-11.721116 12.777088 -40.029152
-13.711735 9.361194 -42.540009
-11.791427 11.352541 -42.339924
-16.802665 16.346594 -37.677057
-12.789887 18.815352 -39.665916
-11.732921 12.708612 -41.592206
-15.051507 8.325623 -39.765747
-14.977024 12.997741 -40.074279
-14.850116 13.516393 -37.207547
-13.664088 18.424011 -38.163596
-14.081216 11.402558 -41.748691
-13.235741 10.715135 -43.379428
-17.938599 9.958581 -40.621892
-18.569742 13.472657 -39.746781
-14.362732 15.094432 -38.974988
-11.629259 11.004405 -41.021126
-13.219188 8.286781 -42.125359
-15.447174 9.733879 -38.349755
-16.669748 14.152528 -37.817957
-14.852394 17.364728 -39.735246
-14.054952 11.724091 -39.700257
-17.255118 9.191490 -40.461131
-20.181369 10.630977 -36.533379
-16.888489 15.298613 -38.454656
-18.954312 11.416844 -38.705004
-16.188612 8.626491 -40.909843
-16.032274 3.502961 -41.663799
-17.215421 5.025548 -38.399909
-20.441234 11.588980 -37.023812
-16.692721 12.940376 -41.084425
-14.990962 5.856036 -40.494507
-17.935383 3.296541 -40.209154
-22.079915 1.209508 -38.141551
-20.742752 8.790773 -38.902110
-21.133585 9.019397 -40.313694
-17.268205 1.813928 -38.473402
-20.620983 -2.596400 -40.124109
-23.229529 -1.269166 -36.706330
-22.326611 2.345291 -43.249091
-19.354548 1.510738 -41.523365
-16.114410 -3.575574 -41.203837
-19.473016 -11.016701 -41.399782
-19.332495 -11.144493 -39.940733
-20.987596 -1.922517 -38.391194
-18.480981 -2.334569 -41.979226
-14.168528 -11.343539 -39.224928
-17.076518 -15.717184 -39.414244
-17.541984 -14.542471 -37.731495
-18.165741 -9.138973 -39.331882
-14.363994 -10.134381 -41.083317
-11.301463 -11.047886 -39.247769
-11.314415 -13.969712 -37.835131
-13.447456 -16.793320 -39.990543
-14.160058 -14.492444 -39.393241
-10.730996 -12.548898 -39.933986
-7.083282 -17.331893 -41.474295
-7.398192 -20.053418 -40.712457
-11.051842 -19.922630 -37.317514
-8.652602 -15.358864 -39.748316
-7.000997 -15.570371 -42.077001
-5.101234 -18.734944 -43.135111
-6.565882 -22.523071 -38.543828
-7.934381 -20.663769 -40.154203
-9.559452 -17.379138 -39.660547
-1.766176 -14.320598 -43.933366
-2.783024 -19.116167 -39.905491
-2.556185 -24.691108 -37.916552
-4.413435 -20.772401 -39.810116
-5.194675 -21.442831 -41.868910
-2.709124 -17.475810 -41.489038
-0.207730 -23.275542 -39.732986
-2.497921 -22.908234 -39.871179
-2.784878 -22.700109 -38.220919
-2.314440 -17.980806 -43.341597
-1.990424 -16.982580 -41.731981
1.086795 -19.062182 -40.368842
-0.442474 -24.120881 -37.570612
-0.240785 -19.480066 -39.762690
-0.509928 -16.936603 -41.156076
1.584941 -18.363666 -42.446813
2.511591 -22.476631 -41.037291
1.582298 -22.667741 -36.989870
0.091523 -22.477022 -41.647161
1.072811 -16.712860 -39.957568
3.526004 -14.140765 -43.888535
4.561365 -18.436625 -37.221462
6.268086 -23.151292 -41.190769
0.854119 -21.362344 -39.526890
2.675794 -16.597882 -41.088050
8.616714 -14.805488 -39.664599
9.140045 -18.855928 -37.996800
6.859974 -17.934910 -37.380972
7.359399 -19.696654 -36.354622
8.541273 -17.878912 -39.205550
9.820192 -13.456535 -43.244773
13.165645 -18.066373 -39.280464
11.274019 -17.465701 -35.090405
10.334377 -18.336798 -39.992017
12.603832 -13.643147 -41.951426
15.476722 -11.812942 -41.076527
13.753211 -13.084299 -36.331820
16.584881 -14.876597 -39.587489
14.416138 -16.183847 -40.142948
15.886719 -8.948043 -43.353051
15.725207 -8.649186 -39.803256
22.776353 -7.261536 -41.909184
21.007272 -10.483726 -41.078461
16.703615 -7.594241 -39.426764
15.580894 -2.363879 -44.211505
19.803427 1.162445 -39.899570
20.986513 -1.752189 -37.500272
22.491647 -4.305173 -37.711283
19.460682 -2.548705 -40.537313
18.005767 1.116077 -42.105286
20.113547 5.868910 -37.182462
21.716848 4.290332 -37.341193
19.909101 0.865250 -40.236118
19.775109 3.320898 -42.747230
17.826889 10.406052 -40.618287
20.224758 10.984663 -40.469309
21.425847 5.044323 -39.954637
20.648661 4.514784 -40.728646
17.154231 5.980576 -41.107844
17.235856 10.247004 -40.031459
17.717682 10.900680 -40.019165
21.651287 10.575440 -41.069681
15.381956 6.417791 -38.199557
14.881504 10.419060 -40.685905
15.683259 11.514577 -38.505711
16.445385 16.557651 -39.689594
18.380669 12.344369 -39.374592
17.170319 7.836821 -41.689826
16.491822 11.540649 -42.400318
14.815486 13.778739 -41.567044
17.537471 13.955022 -36.973825
16.836339 12.639754 -38.573936
16.594344 8.028821 -39.751092
13.467123 9.022078 -41.537298
15.309270 18.257902 -38.634558
13.528035 18.012895 -37.025157
17.687528 14.827050 -38.674517
15.051582 8.973808 -43.742236
13.295191 11.737831 -40.457972
10.774027 17.199843 -36.581448
15.023052 17.612696 -37.803399
19.290420 12.487229 -38.932469
13.653028 9.382935 -41.004724
14.546719 14.425857 -40.627243
12.004582 20.186440 -40.283400
13.884423 15.208126 -36.159528
17.577546 17.767293 -41.327406
16.930671 10.417759 -39.733284
9.942665 14.037345 -40.121701
12.388819 17.536762 -40.778191
13.728212 17.316976 -41.021469
17.244185 16.099749 -40.303826
15.091725 10.084819 -40.468985
11.298016 10.680711 -39.726332
12.176824 19.772456 -39.543395
13.032508 20.021851 -37.282741
16.866143 16.267896 -40.239797
14.202462 10.394397 -42.916307
11.666980 14.178901 -40.951195
10.076910 14.573585 -37.098649
14.108338 17.377475 -38.626730
13.382101 16.784112 -39.859078
16.266309 10.895333 -38.854506
12.268347 13.620495 -40.231111
12.852263 17.595123 -39.928089
16.937125 17.153162 -38.196320
15.440590 15.418417 -39.922705
14.507159 10.728693 -43.390173
11.716559 10.853919 -43.913666
11.941941 17.968726 -38.771813
14.732877 15.777463 -40.231587
18.196738 13.407017 -38.371332
12.822463 11.263360 -41.985386
12.361479 12.871831 -41.986648
9.978683 17.800018 -41.364035
14.339509 22.776632 -36.152329
16.130195 15.010257 -42.204920
11.685293 13.227703 -42.238216
10.285264 12.577854 -42.909198
9.529133 17.481855 -40.865401
12.400973 17.823431 -37.381811
14.518754 15.029387 -38.410666
13.269566 11.043541 -40.365800
12.149481 12.763114 -41.196920
10.010006 16.423479 -38.357591
13.992202 19.834209 -37.732083
14.748595 16.498156 -37.912812
14.661450 11.464884 -39.008692
11.301011 14.087393 -40.896190
11.364695 16.765520 -38.442549
17.403120 18.742820 -38.035133
13.820436 14.875494 -37.008286
12.095240 11.057757 -43.487935
9.631161 10.729021 -40.372894
15.003343 17.471456 -41.978035
14.293698 18.366060 -36.181116
13.875289 14.811455 -39.601475
14.049586 11.578250 -41.869105
10.276741 11.534294 -40.726120
7.931464 17.505278 -38.322206
13.204950 20.491026 -38.216468
15.859704 17.295529 -38.674998
14.110627 13.193172 -41.800339
8.364730 14.220718 -40.503387
12.053193 16.914602 -40.804382
13.245095 19.645531 -40.936557
14.472691 13.276773 -40.771855
14.551411 14.950642 -42.981557
9.690289 13.799826 -38.651322
9.482317 17.748997 -37.105166
11.796145 20.979939 -40.312900
13.456346 13.710540 -40.946971
13.585493 12.281861 -41.653459
8.863288 13.548224 -40.871921
11.498362 14.669436 -40.659485
12.398304 19.890293 -37.481648
13.915923 15.884744 -40.164038
11.759492 14.220816 -42.289337
9.692507 14.295114 -38.983280
9.374155 20.185772 -37.547536
11.863635 19.862035 -38.570078
12.930575 17.763075 -39.037266
12.280013 10.948417 -42.658879
12.800489 13.891810 -42.485967
11.770187 19.308231 -38.512010
11.550109 19.837184 -38.320922
11.038210 16.487032 -38.949840
14.500418 12.901347 -44.725021
9.241269 18.403788 -40.024049
8.204448 19.907666 -40.476077
9.522717 19.927253 -37.919558
10.100432 15.029911 -39.388577
10.908449 13.498187 -43.061658
10.248705 12.652391 -38.859074
6.642739 17.515173 -38.720895
13.844394 21.054499 -37.203129
12.729690 15.346278 -40.149561
9.497202 11.119032 -40.652720
7.286443 15.038353 -43.275274
9.454929 18.551469 -37.221004
11.626636 22.565230 -39.171718
12.580720 15.543949 -40.045114
10.714670 12.076923 -43.094070
6.643028 11.177867 -42.906211
9.743986 17.014705 -41.367173
13.618847 19.883907 -37.547776
13.251534 18.136531 -41.718608
10.552430 10.864450 -37.616594
6.161537 13.241652 -42.881531
6.348591 21.566756 -35.665465
10.008776 18.982568 -41.376097
11.711913 16.792797 -40.422589
11.020740 14.008078 -40.816482
7.868689 13.284341 -40.320607
8.401663 20.993247 -38.098262
8.378149 18.933857 -39.145651
10.282189 18.522248 -38.929263
12.125607 14.131007 -41.002946
9.930010 15.762144 -41.215719
10.391391 19.953743 -39.724216
9.040971 22.259135 -36.148665
11.577745 19.470671 -42.421907
10.180331 13.594503 -42.421001
11.492292 15.076443 -41.927769
7.996012 16.894409 -40.391930
11.558034 20.377987 -39.239725
13.403511 19.635993 -38.702128
9.366075 13.411202 -42.551097
6.209002 13.724671 -42.241345
6.189915 17.668110 -38.907545
10.219122 23.986785 -38.991362
11.667561 18.208862 -39.869170
10.949083 15.046392 -40.867890
7.100972 14.867929 -43.363774
6.316650 19.193056 -40.907226
10.309787 23.342095 -39.343663
11.431382 16.300159 -39.956665
8.579543 14.896891 -42.391092
8.783834 15.145921 -42.284217
5.427735 20.615619 -37.863161
9.841207 25.014308 -35.829877
10.326393 17.483152 -38.805673
8.139120 15.851322 -40.844180
7.431617 16.652542 -38.723024
7.344960 20.173327 -36.927732
10.662558 21.280831 -37.960042
10.860909 18.609098 -41.556119
6.862222 12.875974 -42.847125
5.860484 16.679104 -41.557909
7.162653 18.610820 -39.868204
9.870842 22.758288 -39.048221
10.589204 21.468137 -39.558682
7.914690 14.048897 -41.274951
6.377499 15.782233 -43.466722
5.202382 20.324958 -39.408680
7.918145 21.701199 -37.863654
11.458457 18.121822 -38.944758
7.919346 15.267461 -40.862582
7.679781 16.998969 -40.415276
6.275736 21.015337 -37.550662
7.565573 21.122255 -37.677123
10.523670 17.132526 -39.666746
8.366813 11.183455 -41.768289
5.920689 15.785122 -39.171126
4.375498 19.507230 -43.049479
7.597382 21.566821 -38.708608
11.337500 19.754915 -39.449064
7.726777 16.139984 -41.481012
4.703711 13.545228 -41.953379
7.105827 24.252461 -39.024144
6.944645 20.475516 -37.110361
6.803147 19.382053 -38.350587
8.710857 14.362785 -40.616197
5.960846 15.043696 -38.511991
5.219876 22.092010 -42.729971
9.780190 24.546032 -37.888475
10.061202 19.484083 -40.552691
8.649751 13.568148 -42.388730
7.167083 17.761379 -42.343167
4.419465 20.047940 -37.988700
6.137229 22.965109 -36.808168
8.862573 20.248397 -40.056395
7.279837 13.401266 -39.961568
4.098059 16.909775 -41.386365
3.712023 20.187847 -36.999082
7.710366 21.000685 -37.465940
8.546622 23.998565 -39.183711
6.800193 17.080432 -44.260377
5.159466 19.459688 -41.449271
2.461584 20.589992 -36.877467
7.741644 21.337703 -38.947573
7.696083 19.440675 -37.615620
8.719265 15.714863 -43.507527
2.795243 17.348041 -43.288554
4.492526 21.719648 -40.751615
5.409826 22.533575 -37.160293
9.896776 19.888020 -39.523996
5.789865 13.502128 -42.287360
5.170245 17.130394 -44.415371
3.420739 23.146914 -38.912508
4.588440 26.284439 -37.955524
8.648922 19.652455 -40.197488
5.585383 18.365821 -40.026965
5.555526 17.564355 -42.765461
6.283000 20.149348 -38.592636
4.021693 19.762540 -37.431301
6.625789 16.142299 -38.846839
9.623546 17.339634 -41.928224
4.102281 18.103098 -39.572056
3.617958 21.536361 -38.553012
7.077540 22.694493 -38.085777
9.675330 21.010359 -38.953340
8.787899 14.744766 -39.118002
4.668326 21.746840 -43.038531
2.864942 22.181482 -38.394584
8.937041 21.958974 -36.545468
9.114584 20.320210 -41.122695
8.085850 17.234707 -40.663041
3.925798 17.245360 -41.362271
4.625013 21.665310 -40.249859
4.203246 21.898049 -37.567130
7.094960 19.650538 -38.941765
4.797405 17.652629 -41.973678
2.733078 17.692799 -43.993090
2.242121 23.152662 -41.569979
7.216025 25.354504 -38.452279
7.336851 21.067551 -40.404992
6.803461 14.507960 -42.297948
1.947410 17.543327 -39.495329
2.915088 19.833738 -40.574820
5.894358 25.912789 -37.305562
6.081794 20.596699 -40.075915
4.697050 14.134656 -39.478039
-0.899913 18.283389 -41.921658
2.338362 24.335748 -40.009012
4.044450 23.006949 -37.273719
5.761665 17.142233 -41.027109
6.948466 15.739278 -40.922984
2.278576 16.151694 -38.703246
2.433520 21.185980 -37.280800
3.742444 22.363478 -37.877748
6.186503 19.945125 -36.602986
5.292165 12.111899 -41.118803
2.488698 17.257546 -40.844042
2.434078 21.822964 -37.992791
3.773665 21.884163 -33.356360
4.873335 19.755689 -41.995938
4.723200 14.328101 -42.280330
3.760040 17.948898 -40.353516
-0.419035 24.705152 -40.687671
6.639837 24.885219 -37.025234
4.425079 19.879698 -40.470818
4.352174 15.399175 -44.682636
3.635115 17.164810 -41.926302
1.157383 22.532500 -40.228123
0.723884 24.007889 -37.112067
5.167989 17.974363 -39.643049
1.871382 14.276258 -42.758596
2.977812 16.785209 -41.863678
4.689474 22.565572 -38.366788
3.311227 22.544001 -41.170106
6.679911 20.409645 -40.057243
3.621391 16.961512 -43.972172
0.586048 15.664387 -38.527198
2.829977 18.771967 -41.133867
3.425904 22.768329 -39.877133
7.902824 20.244006 -39.088336
2.547780 16.977964 -42.218041
0.804362 18.322116 -43.620350
3.670626 22.385772 -36.929906
1.769489 22.127735 -39.633760
5.119562 19.909235 -40.509266
1.822825 14.028974 -41.727129
0.289078 16.411025 -38.848420
0.909755 24.050484 -39.639456
3.507565 23.461818 -40.437981
6.644648 19.639634 -38.705130
1.973606 15.712972 -42.961418
2.599149 17.937416 -40.610485
2.828284 23.910207 -37.679977
0.765215 22.531114 -39.398304
5.351093 20.127485 -41.922654
2.575881 13.747490 -41.747335
-1.980567 18.291451 -40.585944
3.410335 23.474820 -39.450935
3.881976 21.504784 -39.337392
4.516820 16.660307 -39.904770
1.085616 16.166084 -43.290389
0.895889 17.552144 -39.043974
0.315595 21.074396 -39.175626
0.395276 24.234176 -37.010406
7.477912 18.988131 -40.262881
1.509088 16.354801 -41.107155
-0.063801 19.174618 -42.061441
1.541550 23.056490 -38.812240
1.695717 27.285702 -39.122480
3.977765 18.815785 -37.194930
3.459417 15.038651 -40.916427
0.159306 16.789197 -39.989990
0.402791 22.590702 -38.846137
2.570964 24.007548 -37.810398
2.325860 22.499015 -41.461176
2.526858 15.592395 -39.051347
-1.826167 16.477271 -42.573044
0.060361 20.223014 -39.490279
-1.548103 24.038899 -38.651718
0.811625 21.601050 -41.859240
3.923250 14.951215 -39.268617
3.564680 15.678526 -42.588826
5.344429 20.998743 -39.275671
10.257454 21.024571 -37.807443
12.756968 18.900127 -39.722747
10.936886 10.394036 -42.835535
10.764391 13.453424 -41.210464
12.974079 15.737363 -39.886545
14.789022 17.044480 -36.088124
18.038081 14.002612 -36.524249
13.748637 8.935280 -40.243265
12.912420 10.158974 -42.911744
15.871183 15.311630 -39.485613
14.682528 13.051252 -37.685990
19.243983 6.106413 -37.224396
18.388277 4.509936 -38.960465
15.169164 5.649800 -40.613108
19.143739 13.317956 -39.588189
19.591359 13.026030 -40.650371
21.428356 6.532057 -38.548375
18.935864 4.135097 -40.034138
12.545969 4.725050 -40.095583
17.987731 8.627643 -37.822521
20.122498 10.513811 -37.375493
21.675641 4.399931 -42.650089
19.155859 2.741689 -40.561644
18.894161 2.978344 -39.048235
17.349068 7.860374 -39.641642
22.338178 5.751015 -39.770721
22.788726 6.578100 -38.613250
19.776539 1.314531 -38.588019
17.467848 1.879742 -39.141548
20.905545 6.951489 -40.423333
20.260392 7.874442 -39.374081
22.029282 1.435236 -37.016318
18.710320 -1.663629 -39.627572
21.182904 -0.413434 -41.850480
17.408726 7.193045 -44.781464
18.989942 10.033364 -38.417020
20.220969 1.877445 -38.853960
21.809039 0.689489 -39.088706
17.496488 0.364175 -41.842201
16.777233 1.045767 -42.974389
19.233819 3.169337 -38.927627
20.152558 -3.766264 -40.517421
19.891805 -3.952658 -37.298331
17.439149 -0.462442 -40.768480
18.302721 1.473486 -40.772930
19.464020 4.241227 -39.841962
20.557230 1.487842 -38.310166
19.939570 -3.767951 -39.613322
17.064792 -2.620812 -41.616274
16.942062 -0.650324 -41.277917
21.450051 2.002495 -35.796555
23.280190 1.007260 -37.758689
23.357784 -6.116524 -43.238588
17.658051 -2.848302 -40.399421
18.719380 2.797817 -40.221736
21.738220 0.660420 -41.314624
24.301117 -1.788970 -39.889986
19.561957 -6.910116 -40.366781
16.310229 -6.955330 -40.855450
17.307035 1.440148 -40.411841
20.818573 -0.099219 -39.955505
22.286323 -1.947757 -39.102742
21.960191 -7.026364 -38.011301
17.335078 -8.556464 -40.087002
19.095327 -0.521260 -40.279059
19.692715 -1.388973 -39.063481
22.155623 -5.100604 -37.309221
18.761477 -9.186256 -36.628471
19.094766 -7.695966 -39.969398
17.924582 -6.873672 -42.340045
19.795271 -2.135188 -39.661346
22.825975 -6.229261 -40.579065
20.142715 -10.347236 -39.176326
16.881178 -5.418765 -43.646820
16.573013 -4.462246 -42.230526
20.626804 -2.163398 -40.282926
20.056123 -7.801103 -39.183272
18.780221 -12.120780 -38.386222
17.601999 -12.727966 -41.703752
13.562697 -5.382882 -40.775152
18.941193 -7.882795 -37.775476
18.298908 -9.895108 -37.807065
15.981255 -15.320929 -38.264298
19.121557 -13.273190 -37.484571
16.092762 -9.155887 -42.735663
17.586611 -11.194035 -38.391458
16.975209 -17.542747 -39.726356
15.486878 -18.456256 -37.162831
10.140163 -19.477321 -39.639443
10.334200 -14.182824 -39.481918
10.094934 -12.532511 -41.149212
8.989952 -19.664996 -39.465462
11.320895 -21.278699 -40.532836
-0.229591 -20.292730 -39.165977
4.152253 -18.511675 -40.687883
3.997095 -16.673971 -42.310102
2.037061 -19.185985 -39.971511
-0.036407 -24.292666 -39.950582
-2.704489 -22.797123 -39.435975
-7.764445 -16.591964 -41.354883
-7.144813 -14.610260 -41.422351
-10.862924 -14.865137 -40.637625
-9.268878 -22.666399 -39.084297
-14.524924 -16.155237 -39.352380
-13.507677 -13.794403 -40.943168
-13.643848 -8.577965 -44.228403
-14.650362 -16.488370 -42.315677
-15.983947 -18.965579 -39.937414
-20.535923 -15.934460 -36.744014
-17.459563 -8.744101 -41.406570
-18.535419 -8.613189 -41.160723
-13.911586 -8.793865 -39.865461
-18.059194 -13.298710 -39.658079
-19.716857 -8.326361 -41.288878
-20.053795 -4.365377 -41.867596
-18.632968 -5.035352 -41.199002
-18.857735 -6.740238 -39.874498
-17.284069 -12.285832 -39.287904
-21.734273 -9.655182 -35.507500
-20.404894 -5.863237 -39.240248
-20.452699 -4.058829 -42.248417
-17.799882 -4.341504 -40.039840
-17.856615 -10.845645 -40.408935
-20.513990 -8.397306 -39.233730
-20.359454 -2.982536 -39.056955
-16.466249 -0.971772 -38.776848
-16.678563 -6.460118 -42.579869
-20.235556 -9.058093 -39.873325
-20.314973 -4.201118 -38.421913
-21.967975 -4.261368 -39.201089
-19.072417 0.833033 -37.269031
-15.885592 -1.844459 -42.381232
-19.959656 -6.723793 -41.018112
-20.675326 -4.384802 -40.577520
-19.669324 0.148341 -41.827178
-19.340630 2.082366 -38.866432
-18.387827 -0.698415 -40.664166
-21.282000 -7.649974 -38.273590
-19.741793 -3.398759 -36.758132
-19.971923 2.039388 -40.536785
-16.750910 3.465418 -40.810240
-18.955733 -0.564060 -43.455056
-18.319652 -5.982860 -39.495434
-22.371492 -3.312375 -40.191873
-21.837621 4.807088 -37.034169
-18.849512 3.572855 -38.875074
-16.280883 -1.244728 -41.065752
-22.114168 -1.926143 -37.043839
-21.475653 -5.160534 -38.198422
-22.945195 1.920723 -38.116644
-18.987330 3.820340 -41.025754
-17.764574 0.335037 -42.612323
-19.846898 -2.151577 -40.498637
-23.677101 0.469652 -43.278035
-22.205317 2.952825 -38.779424
-18.466925 7.217371 -41.026037
-17.001739 2.234050 -43.512188
-16.412805 -3.818719 -39.696375
-20.879610 0.418580 -39.975436
-20.185144 2.579614 -39.043801
-20.035976 5.565579 -39.211880
-16.130269 2.507167 -39.767095
-19.036461 -1.897738 -40.815320
-21.748684 0.093016 -38.664249
-20.884970 3.697881 -41.361465
-18.348135 6.552911 -39.284828
-16.346221 2.352826 -43.043970
-16.343694 1.241340 -41.174715
-22.422403 1.693716 -41.181903
-19.596874 6.289700 -37.175878
-19.242051 7.632233 -40.236416
-21.069668 5.565805 -41.162616
-17.187891 -0.569144 -38.943933
-19.317538 5.960012 -39.589833
-18.864268 6.949421 -37.668131
-19.203377 8.503169 -41.103881
-16.455503 6.396719 -40.309819
-20.379704 1.051148 -38.805486
-18.346079 4.609055 -39.673258
-17.885812 12.010853 -38.423543
-15.310128 12.239466 -39.129298
-15.240624 9.738273 -41.396088
-16.121989 6.956066 -42.668550
-16.862252 7.560725 -40.229752
-17.956772 14.944633 -41.723300
-13.430183 15.528372 -37.006248
-13.394114 13.494147 -37.813745
-13.691530 12.362007 -41.335056
-14.021669 12.923710 -38.992462
-14.544748 16.883750 -39.431524
-9.990246 20.268019 -37.312384
-5.369595 16.222694 -41.517616
-9.273021 17.596176 -41.227576
-6.946036 14.682423 -40.776612
-4.906080 21.511036 -36.969754
1.970345 22.179169 -39.491120
0.682533 22.409299 -38.386477
2.524543 16.057615 -42.895790
3.775395 16.620745 -41.603317
5.349326 21.110318 -39.374106
8.364958 23.340637 -35.474644
12.203256 18.891422 -39.783110
10.308548 13.983239 -40.994306
8.152909 13.168143 -41.447200
10.649512 19.740951 -38.812516
16.565718 18.495858 -38.113258
15.270304 13.585306 -39.196016
13.946310 8.137579 -41.277695
14.904472 10.399927 -42.123847
15.538651 13.451759 -44.198543
16.734672 16.119925 -41.055764
19.381221 12.525308 -40.229561
18.186515 3.782523 -38.012051
16.060475 6.752418 -39.119186
17.464399 9.569132 -41.098673
19.640177 10.902600 -41.940761
20.382272 5.412848 -36.601669
19.542247 2.025521 -41.259242
14.321418 2.807520 -39.534327
20.666518 9.871117 -40.423827
19.007499 8.422557 -35.852582
20.848629 8.920402 -36.902304
17.260346 0.601343 -41.035567
17.572624 2.664780 -36.485976
16.176052 7.502407 -39.475708
20.083417 8.476242 -40.650322
21.675681 5.026354 -38.481956
21.070897 2.297765 -38.485623
18.114282 -0.373356 -41.812347
17.740410 6.216100 -41.207040
18.937905 5.256050 -41.677338
21.392395 0.817553 -40.462693
19.829744 -3.019338 -39.204334
19.306759 -0.603550 -41.506997
19.041096 3.633707 -41.737044
22.288796 7.262713 -38.401018
23.268413 -1.025596 -36.924389
21.127944 -0.553592 -39.090791
18.379558 -1.229416 -40.244106
17.859617 4.987444 -43.006381
19.766123 8.003256 -40.336603
21.593636 -0.374636 -38.447785
19.495197 -3.322901 -38.304318
17.311318 -0.600911 -39.506662
19.948612 2.937368 -35.822868
22.193465 4.473507 -40.801474
21.828583 2.139490 -36.386125
22.829158 -2.808402 -41.371078
19.096921 -4.588660 -42.915963
18.718201 2.568627 -39.384940
21.345299 3.841863 -41.054597
21.794196 -3.209911 -41.956607
21.689450 -6.065708 -38.088734
19.989761 -4.614606 -39.741229
17.314436 -1.952367 -40.609858
19.833540 1.409630 -36.708519
19.591161 -1.366015 -40.447353
21.856441 -5.488784 -38.734326
16.817617 -5.853081 -39.172068
20.852621 0.499871 -42.197588
20.929005 4.656670 -39.620328
23.937582 -4.132545 -39.025033
21.270853 -6.442355 -40.350155
16.855580 -4.355154 -38.702215
20.275556 1.321615 -40.710409
19.748796 1.847633 -38.821469
20.042269 -5.809709 -38.235462
19.819863 -8.350616 -37.474309
18.930449 -5.164142 -43.297774
18.072490 -1.713219 -43.270213
18.889197 -2.860999 -39.999452
23.573533 -2.713074 -40.214015
20.445274 -9.019104 -38.360793
17.917308 -8.325908 -37.754408
18.809214 -6.046943 -39.865230
20.615626 -2.910833 -38.514157
20.744244 -7.332466 -38.844231
15.870414 -11.959379 -39.767272
14.692509 -8.731548 -39.371445
16.140727 -7.529683 -40.706383
19.670446 -6.978996 -40.460141
20.514284 -13.051418 -39.174996
16.817788 -14.702187 -39.285498
15.041784 -10.839437 -40.379996
14.721819 -6.715783 -42.076893
18.718993 -8.938885 -38.119926
17.800502 -13.106749 -39.314043
13.569894 -17.987032 -36.889297
11.395532 -17.993281 -39.908449
11.775567 -11.822505 -42.323580
10.367363 -12.433221 -38.959869
13.044012 -19.564229 -39.879442
6.953190 -22.548873 -35.537769
2.302240 -23.820609 -40.264488
2.871320 -16.259466 -40.557029
5.513143 -18.514230 -39.859975
