# AOA angles from 4 beacons (rad)
0.233940 0.642915 0.866279 1.082347
0.058434 0.483879 0.792643 0.967463
-0.177010 0.371303 0.663933 0.899280
-0.368847 0.102101 0.504844 0.833481
-0.546488 -0.188870 0.335380 0.694490
-0.705228 -0.326076 0.162833 0.596218
-0.808023 -0.523103 -0.059039 0.379877
-0.958903 -0.661121 -0.312931 0.192484
-1.041746 -0.845267 -0.520433 -0.013816
-1.084812 -0.907890 -0.614169 -0.305274
0.311761 0.823131 1.005842 1.116845
0.013368 0.563856 0.909378 1.051847
-0.143266 0.388799 0.768399 0.959089
-0.497347 0.070585 0.585044 0.931150
-0.712986 -0.102411 0.405998 0.865471
-0.852084 -0.477452 0.132100 0.693696
-0.909509 -0.628535 -0.053128 0.498205
-1.072155 -0.834172 -0.351877 0.231204
-1.101603 -0.952419 -0.638744 -0.066352
-1.133788 -0.967513 -0.772612 -0.335291
0.488368 0.903464 1.142540 1.212315
0.012873 0.741282 1.044636 1.218735
-0.377570 0.489989 0.978970 1.228818
-0.651815 0.139591 0.817888 1.077560
-0.844005 -0.248375 0.649441 1.052751
-0.965456 -0.560513 0.206217 0.838593
-1.186538 -0.818051 -0.142729 0.653833
-1.170616 -1.003800 -0.514518 0.382055
-1.232378 -1.072922 -0.784107 -0.015415
-1.318273 -1.154909 -0.974158 -0.440945
0.654392 1.192900 1.331444 1.302594
0.027933 1.059000 1.270034 1.385532
-0.533224 0.736623 1.191839 1.355718
-0.895657 0.291368 1.081558 1.301682
-1.044197 -0.450721 0.781686 1.145568
-1.217931 -0.809341 0.419294 1.094735
-1.286042 -1.033458 -0.254258 0.891952
-1.330762 -1.171552 -0.703926 0.574419
-1.368478 -1.229125 -0.947414 -0.131388
-1.401211 -1.347535 -1.175411 -0.628565
1.141001 1.462625 1.495523 1.502812
0.256605 1.362397 1.474064 1.469107
-1.085234 1.234163 1.419520 1.475968
-1.302407 0.693530 1.385769 1.488863
-1.385811 -0.906047 1.288144 1.431698
-1.467588 -1.324745 0.792574 1.379634
-1.471595 -1.354970 -0.631471 1.333523
-1.436892 -1.449178 -1.171235 1.056240
-1.475945 -1.481913 -1.323234 -0.328554
-1.500290 -1.517345 -1.399044 -1.129441
1.952988 1.674434 1.628427 1.631736
2.915758 1.784854 1.627937 1.641023
-2.077255 1.835445 1.667498 1.645443
-1.874068 2.506785 1.822593 1.615346
-1.763147 -2.201051 1.847388 1.676897
-1.748817 -1.853716 2.217382 1.698215
-1.694633 -1.742572 -2.516713 1.817030
-1.666536 -1.717854 -1.926197 2.051078
-1.648353 -1.657010 -1.838704 -2.890876
-1.664539 -1.653260 -1.675550 -2.000323
2.514919 1.970774 1.741872 1.786414
3.071985 2.128286 1.912928 1.807431
-2.628346 2.410609 1.954558 1.854008
-2.206687 2.888060 2.053960 1.867307
-2.027191 -2.782933 2.315794 1.932776
-2.019743 -2.368458 2.714587 2.102688
-1.875846 -2.080233 -2.891095 2.272686
-1.817318 -1.930644 -2.336897 2.631540
-1.745956 -1.916561 -2.104267 -3.036124
-1.756099 -1.850813 -2.033696 -2.439385
2.732596 2.210453 1.943550 1.876407
3.053850 2.376557 2.040304 1.875923
-2.803560 2.609252 2.136717 1.985146
-2.505146 2.972530 2.340636 2.027056
-2.236352 -2.937178 2.491332 2.078772
-2.183129 -2.578475 2.870333 2.255321
-2.047904 -2.327234 -2.979945 2.609054
-1.963393 -2.174057 -2.627000 2.819752
-1.890559 -2.113199 -2.396035 -3.112050
-1.878624 -1.996734 -2.211955 -2.719715
2.815538 2.287049 2.067915 1.959942
3.122609 2.491789 2.232211 2.045270
-2.934182 2.741018 2.352512 2.127475
-2.660881 3.004593 2.502253 2.173520
-2.438272 -2.924207 2.764427 2.316199
-2.288260 -2.665024 2.974984 2.441505
-2.234044 -2.522949 -2.987016 2.632888
-2.109324 -2.386291 -2.776189 2.870707
-2.078048 -2.180047 -2.559787 -3.155351
-2.038039 -2.115840 -2.384938 -2.847447
2.900844 2.502656 2.274292 2.087873
3.140220 2.669195 2.299394 2.200706
-2.927913 2.856911 2.474505 2.238738
-2.705345 3.065530 2.596052 2.333151
-2.539073 -2.979202 2.798612 2.404073
-2.426856 -2.709703 2.955509 2.624451
-2.276693 -2.636011 -3.060555 2.709383
-2.256298 -2.455557 -2.799005 3.047605
-2.164614 -2.391300 -2.709853 -3.091019
-2.034818 -2.228274 -2.464104 -2.853261
