# GDOP for TDOA
14.774309
10.408123
7.895219
6.582544
6.040217
6.040217
6.582544
7.895219
10.408123
14.774309
13.991911
8.811160
6.120379
4.881989
4.449996
4.449996
4.881989
6.120379
8.811160
13.991911
14.904887
7.829283
4.689660
3.500370
3.256073
3.256073
3.500370
4.689660
7.829283
14.904887
21.787387
8.261003
3.785970
2.416329
2.493916
2.493916
2.416329
3.785970
8.261003
21.787387
113.000233
18.471126
5.526074
1.933866
2.890570
2.890570
1.933866
5.526074
18.471126
113.000233
113.000233
18.471126
5.526074
1.933866
2.890570
2.890570
1.933866
5.526074
18.471126
113.000233
21.787387
8.261003
3.785970
2.416329
2.493916
2.493916
2.416329
3.785970
8.261003
21.787387
14.904887
7.829283
4.689660
3.500370
3.256073
3.256073
3.500370
4.689660
7.829283
14.904887
13.991911
8.811160
6.120379
4.881989
4.449996
4.449996
4.881989
6.120379
8.811160
13.991911
14.774309
10.408123
7.895219
6.582544
6.040217
6.040217
6.582544
7.895219
10.408123
14.774309
