# TDOA range differences relative to beacon 0 (m)
1.558685 4.429819 7.891088
0.956822 3.505709 6.508651
0.268524 2.159535 5.047673
-0.722953 0.512515 3.192930
-1.348654 -0.980953 1.092884
-1.954856 -2.648805 -1.097461
-2.660477 -3.880136 -3.219816
-2.949602 -4.827412 -5.044574
-3.178036 -5.569760 -6.773273
-3.244515 -6.217877 -7.898848
2.115306 5.189077 8.807961
1.329020 4.231348 7.369845
0.302791 2.628157 5.943357
-0.815080 0.825540 3.625850
-1.781578 -1.310637 1.134123
-2.426854 -3.027761 -1.186027
-2.760603 -4.389208 -3.651238
-3.217292 -5.510563 -5.597540
-3.394645 -6.130995 -7.693738
-3.591085 -6.709368 -8.684418
2.602134 6.092284 10.066569
1.614862 4.681826 8.538959
0.253834 3.303294 6.932451
-1.099005 0.875507 4.046780
-2.186679 -1.472387 1.352785
-2.871061 -3.568920 -1.599399
-3.320579 -5.230403 -4.037121
-3.675729 -6.192050 -6.674797
-3.484277 -6.831050 -8.472427
-3.670274 -7.039672 -9.741745
3.235850 6.894460 10.851258
2.111590 5.908824 9.892930
0.553746 3.914204 7.605952
-1.602237 1.126320 4.883336
-2.715629 -1.879201 1.632854
-3.596773 -4.729130 -1.616631
-3.710770 -6.299232 -4.716845
-4.038478 -7.229807 -7.617343
-3.925345 -7.663980 -9.922653
-4.085346 -7.592971 -10.978872
3.842573 7.703108 11.946277
3.414548 7.461509 11.253691
0.780112 4.907569 8.801188
-2.452899 1.301386 5.522082
-3.850067 -2.098722 1.866699
-4.072957 -5.386697 -1.668651
-4.117659 -7.630753 -5.252367
-4.065513 -7.747578 -8.709723
-4.029229 -7.894494 -11.494833
-4.006685 -7.988042 -11.855474
3.868142 7.820085 11.764202
3.472471 7.337920 11.272966
0.943050 4.838640 8.665337
-2.422452 1.324297 5.423426
-3.740748 -2.342777 1.809711
-3.869647 -5.626514 -1.734642
-4.005628 -7.597810 -5.235424
-3.721810 -7.921684 -8.884272
-3.779104 -7.922532 -11.371990
-4.099136 -7.903978 -11.807615
3.224413 6.845551 10.756806
2.352849 6.206195 9.875858
0.609386 4.037008 7.646402
-1.616376 1.014573 4.778787
-2.898208 -1.768682 1.620701
-3.557725 -4.507738 -1.509264
-3.648027 -6.313082 -4.744024
-3.686343 -7.264042 -7.878270
-3.967411 -7.311050 -9.655323
-3.838565 -7.651721 -11.096733
2.594290 6.089741 9.705475
1.705155 4.900976 8.534934
0.463082 3.225525 6.744528
-1.185810 0.856978 4.205993
-2.164674 -1.586339 1.376816
-3.164620 -3.577341 -1.268797
-3.104875 -5.242101 -4.008901
-3.571318 -6.187572 -6.638836
-3.664512 -6.866551 -8.624576
-3.739060 -7.410932 -10.010681
1.998761 5.270918 8.909189
1.398267 4.017416 7.402489
0.248897 2.416643 5.750676
-0.748060 0.855285 3.422066
-1.754875 -1.184572 1.231236
-2.336181 -2.941122 -1.141995
-3.063550 -4.365970 -3.562393
-3.186237 -5.572479 -5.754657
-3.381391 -6.133707 -7.588692
-3.469109 -6.639162 -8.721496
1.742815 4.595309 7.954987
1.076772 3.535842 6.567055
0.220510 2.095605 4.972717
-0.635331 0.594499 3.232424
-1.335978 -0.919971 0.968493
-2.007932 -2.604693 -1.084379
-2.548277 -3.621403 -3.173518
-2.994871 -4.814036 -5.165679
-3.092446 -5.555597 -6.593500
-3.300231 -6.190121 -7.755675
