# AOA angles from 4 beacons (rad)
1.141533 0.417638 -0.274756 1.846472
1.143307 0.331077 -0.447632 1.858026
1.080044 0.316829 -0.621174 1.975770
1.033425 0.166038 -0.765178 2.222401
0.959199 -0.001522 -0.861401 2.706949
0.855923 -0.028880 -0.912337 -2.695675
0.759301 -0.142107 -0.983378 -2.229211
0.565245 -0.225073 -1.081390 -1.993214
0.390666 -0.378991 -1.147454 -1.867840
0.211817 -0.430059 -1.123240 -1.876070
1.238739 0.514066 -0.319353 1.976249
1.182209 0.333912 -0.559262 2.068396
1.265762 0.281876 -0.763396 2.200868
1.108653 0.126775 -0.925640 2.509954
1.026335 0.129037 -1.000293 2.939771
0.955739 -0.097521 -1.096259 -2.904478
0.905799 -0.147960 -1.060583 -2.520534
0.690212 -0.298643 -1.141593 -2.289065
0.543954 -0.395690 -1.247085 -2.147105
0.329782 -0.411469 -1.243369 -2.036269
1.394239 0.476008 -0.432885 2.126700
1.266300 0.388266 -0.735102 2.296361
1.231402 0.285645 -0.884133 2.527195
1.225026 0.173261 -1.017828 2.674688
1.194320 0.058065 -1.043887 3.037858
1.149326 -0.045599 -1.222034 -2.999397
0.936339 -0.190827 -1.227179 -2.683741
0.893915 -0.335252 -1.283972 -2.421472
0.694142 -0.404424 -1.327730 -2.265108
0.367979 -0.508128 -1.369635 -2.195875
1.434609 0.603644 -0.622251 2.232763
1.352662 0.508126 -0.943275 2.467530
1.383087 0.332132 -1.109893 2.631629
1.363699 0.253886 -1.192118 2.822207
1.376337 0.014131 -1.329757 2.965074
1.269598 -0.054025 -1.306123 -3.016143
1.208281 -0.189304 -1.372580 -2.796925
1.113332 -0.330552 -1.350216 -2.550384
0.943636 -0.428555 -1.347804 -2.486226
0.624864 -0.600658 -1.446557 -2.297807
1.509883 0.672540 -1.139190 2.416461
1.527683 0.518243 -1.328748 2.513327
1.475752 0.399661 -1.426351 2.677822
1.508523 0.290200 -1.446978 2.877135
1.502139 0.071460 -1.457697 3.033565
1.448429 -0.133899 -1.592826 -3.063311
1.447167 -0.212567 -1.488705 -2.833533
1.461144 -0.402971 -1.458545 -2.683159
1.361958 -0.537953 -1.475990 -2.625993
1.159672 -0.668838 -1.496780 -2.397907
1.584106 0.677114 -2.020046 2.505492
1.644680 0.605737 -1.852436 2.620074
1.644944 0.369722 -1.769816 2.743814
1.598188 0.293423 -1.627845 2.843764
1.632088 0.141740 -1.689956 3.037919
1.618352 -0.081674 -1.680404 -3.104913
1.669790 -0.268285 -1.659478 -2.915791
1.718614 -0.463835 -1.638887 -2.792933
1.796930 -0.577699 -1.685948 -2.616708
1.958685 -0.714362 -1.577814 -2.519262
1.734702 0.810603 -2.587618 2.605673
1.747256 0.697787 -2.156948 2.706807
1.738529 0.555827 -2.026895 2.837370
1.817142 0.340217 -1.955550 2.932108
1.835460 0.084493 -1.855949 3.064178
1.775914 -0.172866 -1.843182 -3.020527
1.913016 -0.339062 -1.772773 -2.906947
2.021773 -0.512372 -1.690608 -2.786114
2.225115 -0.735758 -1.703877 -2.662660
2.501010 -0.848264 -1.762550 -2.519570
1.826726 0.965917 -2.764210 2.634014
1.800423 0.836669 -2.463142 2.691201
1.870654 0.645243 -2.283365 2.855123
1.901198 0.427348 -2.106833 2.941441
2.008508 0.118091 -2.098526 3.015141
1.985273 -0.171913 -1.984601 -3.111350
2.112404 -0.442945 -1.895495 -2.848070
2.255261 -0.674253 -1.857546 -2.828260
2.466107 -0.888792 -1.852412 -2.755262
2.718309 -0.971522 -1.816478 -2.636778
1.888560 1.042291 -2.890075 2.654361
1.953768 0.971537 -2.582335 2.778917
1.939975 0.840061 -2.398879 2.893575
2.016305 0.584399 -2.270248 2.958719
2.105592 0.271768 -2.112467 3.097661
2.187103 -0.189192 -2.079842 -3.099269
2.233834 -0.639520 -1.979561 -2.995562
2.411495 -0.913941 -1.986474 -2.900089
2.559579 -0.986581 -1.951445 -2.824794
2.781576 -1.118061 -1.914180 -2.700292
1.993251 1.330382 -2.867860 2.721299
2.055348 1.273022 -2.743516 2.859118
2.098219 1.159806 -2.523573 2.913827
2.175569 0.934373 -2.417111 3.011450
2.238425 0.442609 -2.287793 3.065640
2.295178 -0.332873 -2.252507 -3.040867
2.439168 -0.949788 -2.136216 -3.031933
2.502740 -1.140026 -2.030545 -2.801461
2.686160 -1.308601 -2.082832 -2.785970
2.951738 -1.308554 -1.955033 -2.680016
