# GDOP for TDOA
2.505735
2.026857
1.683335
1.398120
1.158733
1.158733
1.398120
1.683335
2.026857
2.505735
2.026857
1.624547
1.366858
1.186934
1.079322
1.079322
1.186934
1.366858
1.624547
2.026857
1.683335
1.366858
1.194155
1.090061
1.036767
1.036767
1.090061
1.194155
1.366858
1.683335
1.398120
1.186934
1.090061
1.037296
1.012717
1.012717
1.037296
1.090061
1.186934
1.398120
1.158733
1.079322
1.036767
1.012717
1.002222
1.002222
1.012717
1.036767
1.079322
1.158733
1.158733
1.079322
1.036767
1.012717
1.002222
1.002222
1.012717
1.036767
1.079322
1.158733
1.398120
1.186934
1.090061
1.037296
1.012717
1.012717
1.037296
1.090061
1.186934
1.398120
1.683335
1.366858
1.194155
1.090061
1.036767
1.036767
1.090061
1.194155
1.366858
1.683335
2.026857
1.624547
1.366858
1.186934
1.079322
1.079322
1.186934
1.366858
1.624547
2.026857
2.505735
2.026857
1.683335
1.398120
1.158733
1.158733
1.398120
1.683335
2.026857
2.505735
