# TDOA range differences relative to beacon 0 (m)
-0.134470 -11.406931 -11.387920
0.886351 -9.205509 -11.582855
1.890999 -6.937135 -11.795627
3.357964 -3.934648 -11.578154
4.520366 -1.311430 -11.312443
5.933443 1.600286 -9.958925
7.332549 4.249593 -7.503472
8.847459 6.725260 -4.836288
10.194560 9.258918 -2.369296
11.504236 11.671975 0.054922
-0.977196 -12.612211 -10.386030
0.004072 -9.977342 -10.029749
1.006678 -7.596738 -10.059624
2.219451 -4.563359 -9.576259
3.887439 -1.489825 -8.556693
5.396948 1.637018 -7.077486
6.680658 4.325279 -5.122553
8.464189 7.673682 -2.213595
10.079501 10.129602 0.141260
11.676829 12.410127 2.347848
-1.982070 -13.626822 -8.886807
-1.001784 -10.807310 -8.492395
0.029068 -7.609465 -7.951132
1.338926 -4.672334 -7.119194
2.764892 -1.655277 -6.146755
4.219550 1.473840 -4.430582
6.092397 4.793165 -2.449324
7.859682 8.068154 0.209926
10.009517 11.046442 2.494052
11.834225 13.765631 5.101067
-3.302358 -15.084141 -7.596406
-2.350749 -11.804842 -6.691384
-1.126298 -8.362183 -6.033140
0.093353 -4.887193 -5.109697
1.664506 -1.793255 -4.079420
3.327857 1.849160 -1.999287
5.088100 5.118185 -0.146481
6.979099 8.313526 2.181433
9.630551 11.831921 4.916400
11.504800 14.871312 7.466822
-4.458375 -15.778183 -5.746079
-3.545044 -12.192792 -5.241437
-2.759116 -8.798333 -4.221351
-1.443768 -5.363267 -3.116627
-0.011362 -1.843011 -1.722033
1.494046 1.643626 -0.292636
3.625103 5.012810 1.910795
6.293396 9.077283 4.482934
8.790994 12.303613 7.032180
11.233144 15.829333 10.039653
-5.879920 -15.842161 -4.345162
-5.241813 -12.475596 -3.648678
-4.450613 -8.852771 -2.882461
-3.025827 -5.003866 -1.497601
-1.684995 -1.694693 0.209367
0.022179 1.761438 1.548068
2.059111 5.178029 3.897392
4.270788 8.468009 6.159606
7.146610 12.158216 8.672309
10.160059 15.854929 11.528969
-7.176472 -14.784171 -3.080027
-6.921193 -11.974714 -2.271172
-6.290827 -8.694838 -1.437851
-4.998685 -4.994256 -0.006858
-4.026169 -1.913302 1.438090
-2.141087 1.907492 3.290974
0.048473 4.998917 5.000980
2.169915 8.220697 7.280830
4.941085 11.854111 9.495524
7.599926 14.882408 11.677884
-8.837732 -13.814244 -2.066543
-8.290829 -10.889572 -1.083298
-8.010158 -8.227955 -0.063391
-7.170551 -4.776683 1.213618
-6.040825 -1.601058 2.797992
-4.510931 1.608994 4.452948
-2.237228 5.065118 6.112554
-0.155855 8.009934 7.876851
2.768763 11.082461 9.944018
4.898657 13.570735 11.715247
-10.125773 -12.643020 -1.097280
-10.080399 -10.035702 0.024598
-9.720979 -7.433619 1.313189
-9.327321 -4.317085 2.533363
-8.455512 -1.508587 3.763262
-7.326156 1.440488 5.248572
-5.319870 4.499757 6.424143
-2.732893 7.202654 8.415953
-0.088975 9.974617 9.992279
2.313328 12.311901 11.530394
-11.390632 -11.359123 0.044425
-11.520345 -9.104135 1.030755
-11.753595 -6.826478 1.976676
-11.920546 -4.226980 2.935354
-11.270481 -1.235499 4.507180
-9.904075 1.527084 5.887428
-7.493081 4.125774 7.373400
-4.767101 6.718810 8.735563
-2.109184 9.323488 10.241515
-0.031939 11.480025 11.558668
